  0        0 4.3
  1    10000 1.7
  2    20000 3.3
  3    30000 3.0
  4    40000 1.3
  5    50000 1.7
  6    60000 3.0
  7    70000 1.0
  8    80000 5.3
  9    90000 2.7
 10   100000 6.0
 11   110000 5.3
 12   120000 2.7
 13   130000 1.7
 14   140000 2.0
 15   150000 3.3
 16   160000 3.3
 17   170000 6.0
 18   180000 5.7
 19   190000 3.0
 20   200000 5.3
 21   210000 1.7
 22   220000 8.3
 23   230000 2.0
 24   240000 2.7
 25   250000 3.3
 26   260000 2.0
 27   270000 3.3
 28   280000 4.0
 29   290000 3.3
 30   300000 6.3
 31   310000 8.3
 32   320000 2.3
 33   330000 8.0
 34   340000 6.0
 35   350000 7.0
 36   360000 8.7
 37   370000 6.0
 38   380000 6.3
 39   390000 9.7
 40   400000 9.7
 41   410000 10.0
 42   420000 8.7
 43   430000 8.0
 44   440000 5.3
 45   450000 7.7
 46   460000 9.3
 47   470000 10.3
 48   480000 7.0
 49   490000 10.7
 50   500000 11.3
 51   510000 9.7
 52   520000 10.3
 53   530000 11.3
 54   540000 13.3
 55   550000 9.3
 56   560000 12.7
 57   570000 11.7
 58   580000 13.7
 59   590000 8.3
 60   600000 9.7
 61   610000 11.0
 62   620000 13.7
 63   630000 14.0
 64   640000 14.3
 65   650000 10.7
 66   660000 11.0
 67   670000 12.7
 68   680000 9.0
 69   690000 8.7
 70   700000 10.3
 71   710000 11.7
 72   720000 10.3
 73   730000 14.3
 74   740000 19.0
 75   750000 9.7
 76   760000 13.7
 77   770000 16.0
 78   780000 13.3
 79   790000 13.0
 80   800000 17.3
 81   810000 16.3
 82   820000 16.0
 83   830000 14.0
 84   840000 16.3
 85   850000 15.0
 86   860000 16.3
 87   870000 18.3
 88   880000 20.0
 89   890000 17.3
 90   900000 14.7
 91   910000 18.7
 92   920000 17.0
 93   930000 21.7
 94   940000 26.7
 95   950000 19.7
 96   960000 24.7
 97   970000 15.7
 98   980000 21.0
 99   990000 22.0
100  1000000 22.7
101  1010000 26.0
102  1020000 28.0
103  1030000 22.0
104  1040000 27.3
105  1050000 22.0
106  1060000 27.0
107  1070000 25.3
108  1080000 24.7
109  1090000 22.0
110  1100000 30.3
111  1110000 19.3
112  1120000 30.7
113  1130000 27.7
114  1140000 30.0
115  1150000 20.3
116  1160000 26.7
117  1170000 32.0
118  1180000 25.0
119  1190000 26.3
120  1200000 25.7
121  1210000 28.7
122  1220000 24.7
123  1230000 23.7
124  1240000 28.3
125  1250000 31.0
126  1260000 28.0
127  1270000 33.3
128  1280000 27.3
129  1290000 31.7
130  1300000 21.3
131  1310000 36.0
132  1320000 32.3
133  1330000 25.0
134  1340000 23.3
135  1350000 26.0
136  1360000 34.0
137  1370000 24.7
138  1380000 25.0
139  1390000 30.0
140  1400000 37.7
141  1410000 30.7
142  1420000 30.0
143  1430000 29.3
144  1440000 25.7
145  1450000 31.7
146  1460000 34.0
147  1470000 23.0
148  1480000 31.3
149  1490000 29.7
150  1500000 41.7
151  1510000 29.0
152  1520000 21.3
153  1530000 29.3
154  1540000 39.7
155  1550000 35.0
156  1560000 24.3
157  1570000 35.0
158  1580000 27.3
159  1590000 39.3
160  1600000 33.7
161  1610000 33.0
162  1620000 41.0
163  1630000 35.3
164  1640000 32.0
165  1650000 41.7
166  1660000 33.0
167  1670000 30.0
168  1680000 22.0
169  1690000 40.7
170  1700000 43.0
171  1710000 42.0
172  1720000 31.3
173  1730000 40.0
174  1740000 34.7
175  1750000 39.0
176  1760000 32.3
177  1770000 32.7
178  1780000 33.3
179  1790000 36.3
180  1800000 31.3
181  1810000 37.0
182  1820000 38.7
183  1830000 41.3
184  1840000 35.7
185  1850000 32.3
186  1860000 38.0
187  1870000 43.0
188  1880000 27.7
189  1890000 36.7
190  1900000 45.3
191  1910000 43.3
192  1920000 50.7
193  1930000 59.3
194  1940000 43.0
195  1950000 37.3
196  1960000 40.7
197  1970000 38.3
198  1980000 34.0
199  1990000 39.0
200  2000000 57.7
201  2010000 33.7
202  2020000 30.7
203  2030000 41.7
204  2040000 35.7
205  2050000 45.3
206  2060000 41.7
207  2070000 41.0
208  2080000 55.0
209  2090000 39.3
210  2100000 37.3
211  2110000 29.7
212  2120000 35.3
213  2130000 53.3
214  2140000 48.0
215  2150000 42.0
216  2160000 54.3
217  2170000 33.0
218  2180000 49.0
219  2190000 49.7
220  2200000 28.3
221  2210000 50.7
222  2220000 57.0
223  2230000 36.7
224  2240000 44.0
225  2250000 30.3
226  2260000 34.0
227  2270000 37.7
228  2280000 50.3
229  2290000 37.3
230  2300000 33.7
231  2310000 41.0
232  2320000 48.7
233  2330000 49.0
234  2340000 36.7
235  2350000 39.3
236  2360000 44.0
237  2370000 31.3
238  2380000 65.3
239  2390000 40.0
240  2400000 57.3
241  2410000 40.0
242  2420000 42.0
243  2430000 44.3
244  2440000 40.3
245  2450000 43.0
246  2460000 49.0
247  2470000 70.7
248  2480000 50.7
249  2490000 67.0
250  2500000 46.7
251  2510000 38.3
252  2520000 42.3
253  2530000 48.0
254  2540000 49.3
255  2550000 48.0
256  2560000 31.3
257  2570000 61.3
258  2580000 45.3
259  2590000 49.0
260  2600000 55.7
261  2610000 48.3
262  2620000 59.0
263  2630000 49.0
264  2640000 27.7
265  2650000 44.3
266  2660000 34.0
267  2670000 51.3
268  2680000 64.3
269  2690000 75.7
270  2700000 42.0
271  2710000 50.0
272  2720000 43.3
273  2730000 71.7
274  2740000 67.0
275  2750000 60.7
276  2760000 65.3
277  2770000 50.0
278  2780000 57.0
279  2790000 35.3
280  2800000 55.7
281  2810000 50.0
282  2820000 61.3
283  2830000 50.3
284  2840000 53.0
285  2850000 61.7
286  2860000 43.0
287  2870000 64.3
288  2880000 58.7
289  2890000 58.7
290  2900000 50.7
291  2910000 61.7
292  2920000 54.3
293  2930000 51.3
294  2940000 39.7
295  2950000 58.0
296  2960000 35.0
297  2970000 35.0
298  2980000 51.3
299  2990000 51.3
300  3000000 46.0
301  3010000 55.0
302  3020000 36.3
303  3030000 63.3
304  3040000 94.7
305  3050000 33.0
306  3060000 47.0
307  3070000 57.0
308  3080000 74.3
309  3090000 58.7
310  3100000 50.7
311  3110000 46.3
312  3120000 54.7
313  3130000 49.3
314  3140000 48.3
315  3150000 56.7
316  3160000 62.7
317  3170000 51.3
318  3180000 41.3
319  3190000 57.3
320  3200000 85.0
321  3210000 44.7
322  3220000 58.3
323  3230000 64.7
324  3240000 65.3
325  3250000 59.0
326  3260000 58.0
327  3270000 59.0
328  3280000 65.7
329  3290000 75.3
330  3300000 54.0
331  3310000 68.3
332  3320000 65.7
333  3330000 53.7
334  3340000 73.7
335  3350000 53.7
336  3360000 31.3
337  3370000 49.7
338  3380000 137.3
339  3390000 57.0
340  3400000 59.0
341  3410000 53.7
342  3420000 71.7
343  3430000 57.3
344  3440000 56.0
345  3450000 51.0
346  3460000 76.7
347  3470000 91.7
348  3480000 81.7
349  3490000 116.0
350  3500000 42.3
351  3510000 84.0
352  3520000 54.0
353  3530000 45.3
354  3540000 42.3
355  3550000 83.3
356  3560000 71.0
357  3570000 60.0
358  3580000 63.0
359  3590000 62.3
360  3600000 89.3
361  3610000 57.3
362  3620000 51.0
363  3630000 128.7
364  3640000 109.7
365  3650000 93.0
366  3660000 76.7
367  3670000 83.7
368  3680000 62.0
369  3690000 84.7
370  3700000 124.3
371  3710000 101.3
372  3720000 59.7
373  3730000 38.3
374  3740000 65.0
375  3750000 93.0
376  3760000 59.0
377  3770000 51.7
378  3780000 80.7
379  3790000 103.3
380  3800000 91.7
381  3810000 89.7
382  3820000 59.7
383  3830000 151.0
384  3840000 51.7
385  3850000 59.3
386  3860000 65.3
387  3870000 98.3
388  3880000 85.0
389  3890000 82.3
390  3900000 70.0
391  3910000 69.3
392  3920000 66.7
393  3930000 75.7
394  3940000 91.7
395  3950000 72.7
396  3960000 61.7
397  3970000 82.3
398  3980000 69.0
399  3990000 106.7
400  4000000 71.0
401  4010000 115.0
402  4020000 86.0
403  4030000 73.3
404  4040000 138.3
405  4050000 82.0
406  4060000 65.0
407  4070000 180.0
408  4080000 52.0
409  4090000 58.0
410  4100000 99.7
411  4110000 172.0
412  4120000 79.0
413  4130000 62.7
414  4140000 123.7
415  4150000 102.3
416  4160000 158.7
417  4170000 66.7
418  4180000 74.7
419  4190000 71.0
420  4200000 139.7
421  4210000 158.0
422  4220000 82.0
423  4230000 134.3
424  4240000 66.7
425  4250000 99.0
426  4260000 97.3
427  4270000 82.0
428  4280000 41.0
429  4290000 108.3
430  4300000 146.0
431  4310000 78.0
432  4320000 166.7
433  4330000 69.3
434  4340000 94.3
435  4350000 73.0
436  4360000 169.3
437  4370000 70.0
438  4380000 60.0
439  4390000 55.7
440  4400000 139.7
441  4410000 60.7
442  4420000 46.7
443  4430000 100.7
444  4440000 70.3
445  4450000 90.3
446  4460000 83.0
447  4470000 100.0
448  4480000 109.0
449  4490000 147.7
450  4500000 58.3
451  4510000 179.7
452  4520000 52.3
453  4530000 138.7
454  4540000 71.0
455  4550000 70.3
456  4560000 72.0
457  4570000 86.7
458  4580000 36.3
459  4590000 100.0
460  4600000 87.0
461  4610000 61.7
462  4620000 116.3
463  4630000 51.0
464  4640000 78.7
465  4650000 183.3
466  4660000 109.0
467  4670000 106.7
468  4680000 85.0
469  4690000 126.3
470  4700000 84.3
471  4710000 110.0
472  4720000 129.7
473  4730000 71.7
474  4740000 125.7
475  4750000 114.3
476  4760000 115.0
477  4770000 84.3
478  4780000 118.3
479  4790000 85.3
480  4800000 97.7
481  4810000 82.7
482  4820000 170.0
483  4830000 167.3
484  4840000 78.3
485  4850000 198.7
486  4860000 143.0
487  4870000 64.3
488  4880000 118.7
489  4890000 87.0
490  4900000 126.0
491  4910000 51.3
492  4920000 77.3
493  4930000 70.3
494  4940000 65.7
495  4950000 121.3
496  4960000 63.3
497  4970000 85.0
498  4980000 90.3
499  4990000 99.3
500  5000000 126.7
501  5010000 153.0
502  5020000 68.0
503  5030000 58.7
504  5040000 113.0
505  5050000 170.0
506  5060000 119.3
507  5070000 99.3
508  5080000 72.0
509  5090000 157.7
510  5100000 87.3
511  5110000 131.3
512  5120000 80.0
513  5130000 35.3
514  5140000 137.3
515  5150000 132.3
516  5160000 135.3
517  5170000 159.0
518  5180000 165.3
519  5190000 104.7
520  5200000 148.0
521  5210000 34.7
522  5220000 105.7
523  5230000 84.3
524  5240000 134.7
525  5250000 131.0
526  5260000 189.7
527  5270000 45.3
528  5280000 112.7
529  5290000 51.0
530  5300000 65.7
531  5310000 105.7
532  5320000 137.0
533  5330000 127.3
534  5340000 135.7
535  5350000 86.0
536  5360000 125.3
537  5370000 68.3
538  5380000 72.3
539  5390000 67.3
540  5400000 111.7
541  5410000 84.0
542  5420000 95.0
543  5430000 57.0
544  5440000 63.0
545  5450000 216.7
546  5460000 147.0
547  5470000 126.7
548  5480000 66.0
549  5490000 58.3
550  5500000 94.7
551  5510000 29.3
552  5520000 69.7
553  5530000 65.0
554  5540000 87.0
555  5550000 151.3
556  5560000 174.0
557  5570000 104.0
558  5580000 95.7
559  5590000 69.3
560  5600000 77.0
561  5610000 116.7
562  5620000 175.0
563  5630000 169.0
564  5640000 57.3
565  5650000 104.0
566  5660000 39.3
567  5670000 98.0
568  5680000 138.0
569  5690000 68.3
570  5700000 141.3
571  5710000 174.7
572  5720000 59.3
573  5730000 95.0
574  5740000 68.7
575  5750000 113.7
576  5760000 131.3
577  5770000 103.3
578  5780000 146.0
579  5790000 113.0
580  5800000 137.7
581  5810000 137.3
582  5820000 82.3
583  5830000 96.7
584  5840000 119.7
585  5850000 63.3
586  5860000 124.0
587  5870000 83.0
588  5880000 74.0
589  5890000 156.7
590  5900000 145.7
591  5910000 117.7
592  5920000 174.3
593  5930000 136.0
594  5940000 41.0
595  5950000 114.0
596  5960000 46.7
597  5970000 84.3
598  5980000 56.7
599  5990000 70.7
600  6000000 108.0
601  6010000 148.3
602  6020000 121.3
603  6030000 187.7
604  6040000 142.3
605  6050000 53.7
606  6060000 45.3
607  6070000 82.3
608  6080000 110.0
609  6090000 95.7
610  6100000 114.7
611  6110000 105.7
612  6120000 77.7
613  6130000 70.7
614  6140000 112.0
615  6150000 100.7
616  6160000 177.3
617  6170000 120.3
618  6180000 199.7
619  6190000 154.3
620  6200000 70.7
621  6210000 93.0
622  6220000 48.0
623  6230000 150.7
624  6240000 59.0
625  6250000 69.0
626  6260000 57.0
627  6270000 110.3
628  6280000 47.3
629  6290000 90.0
630  6300000 136.3
631  6310000 94.3
632  6320000 68.3
633  6330000 115.3
634  6340000 65.7
635  6350000 67.7
636  6360000 194.7
637  6370000 132.7
638  6380000 39.3
639  6390000 114.7
640  6400000 213.7
641  6410000 142.0
642  6420000 152.7
643  6430000 136.7
644  6440000 128.7
645  6450000 74.0
646  6460000 66.0
647  6470000 113.0
648  6480000 187.0
649  6490000 65.0
650  6500000 91.3
651  6510000 143.3
652  6520000 123.7
653  6530000 74.3
654  6540000 195.0
655  6550000 198.0
656  6560000 59.3
657  6570000 170.3
658  6580000 139.7
659  6590000 138.0
660  6600000 28.7
661  6610000 79.7
662  6620000 157.7
663  6630000 177.7
664  6640000 141.7
665  6650000 68.3
666  6660000 170.0
667  6670000 96.3
668  6680000 130.3
669  6690000 83.7
670  6700000 144.7
671  6710000 82.7
672  6720000 121.0
673  6730000 82.0
674  6740000 70.7
675  6750000 52.3
676  6760000 77.0
677  6770000 156.7
678  6780000 97.7
679  6790000 146.7
680  6800000 118.0
681  6810000 122.0
682  6820000 132.3
683  6830000 169.7
684  6840000 111.7
685  6850000 92.0
686  6860000 140.3
687  6870000 245.7
688  6880000 152.3
689  6890000 50.0
690  6900000 140.0
691  6910000 117.0
692  6920000 140.0
693  6930000 191.3
694  6940000 92.0
695  6950000 130.7
696  6960000 145.0
697  6970000 128.7
698  6980000 45.3
699  6990000 101.7
700  7000000 165.0
701  7010000 68.0
702  7020000 137.3
703  7030000 88.0
704  7040000 107.0
705  7050000 208.3
706  7060000 110.7
707  7070000 129.7
708  7080000 251.7
709  7090000 212.0
710  7100000 112.0
711  7110000 210.0
712  7120000 152.3
713  7130000 148.0
714  7140000 192.7
715  7150000 139.0
716  7160000 52.0
717  7170000 86.7
718  7180000 192.0
719  7190000 73.3
720  7200000 129.0
721  7210000 250.7
722  7220000 168.3
723  7230000 100.7
724  7240000 94.7
725  7250000 95.3
726  7260000 79.7
727  7270000 130.3
728  7280000 73.7
729  7290000 83.7
730  7300000 87.3
731  7310000 102.3
732  7320000 215.3
733  7330000 41.7
734  7340000 161.7
735  7350000 54.7
736  7360000 152.7
737  7370000 65.3
738  7380000 33.7
739  7390000 117.0
740  7400000 88.0
741  7410000 110.0
742  7420000 114.0
743  7430000 78.0
744  7440000 75.3
745  7450000 217.7
746  7460000 111.0
747  7470000 146.7
748  7480000 80.7
749  7490000 120.3
750  7500000 85.0
751  7510000 128.0
752  7520000 201.7
753  7530000 235.0
754  7540000 199.3
755  7550000 139.0
756  7560000 69.0
757  7570000 92.0
758  7580000 105.7
759  7590000 76.7
760  7600000 56.3
761  7610000 126.0
762  7620000 146.3
763  7630000 148.3
764  7640000 160.7
765  7650000 117.3
766  7660000 109.7
767  7670000 118.0
768  7680000 35.0
769  7690000 117.0
770  7700000 22.3
771  7710000 154.3
772  7720000 168.0
773  7730000 263.7
774  7740000 72.7
775  7750000 153.3
776  7760000 107.3
777  7770000 230.7
778  7780000 145.7
779  7790000 65.7
780  7800000 135.7
781  7810000 80.3
782  7820000 41.0
783  7830000 76.0
784  7840000 124.0
785  7850000 104.7
786  7860000 170.7
787  7870000 131.7
788  7880000 104.0
789  7890000 80.7
790  7900000 76.7
791  7910000 78.7
792  7920000 30.3
793  7930000 26.3
794  7940000 79.0
795  7950000 43.7
796  7960000 103.0
797  7970000 117.7
798  7980000 42.0
799  7990000 71.3
800  8000000 210.0
801  8010000 211.7
802  8020000 138.7
803  8030000 90.0
804  8040000 152.3
805  8050000 199.7
806  8060000 66.7
807  8070000 155.7
808  8080000 151.0
809  8090000 51.0
810  8100000 135.7
811  8110000 78.7
812  8120000 195.7
813  8130000 184.0
814  8140000 162.3
815  8150000 66.3
816  8160000 57.3
817  8170000 136.0
818  8180000 203.7
819  8190000 130.7
820  8200000 158.0
821  8210000 158.3
822  8220000 173.3
823  8230000 147.0
824  8240000 167.0
825  8250000 81.0
826  8260000 115.7
827  8270000 225.3
828  8280000 82.0
829  8290000 135.7
830  8300000 56.0
831  8310000 107.0
832  8320000 80.0
833  8330000 82.0
834  8340000 61.3
835  8350000 133.0
836  8360000 39.0
837  8370000 48.7
838  8380000 98.0
839  8390000 38.3
840  8400000 165.3
841  8410000 48.0
842  8420000 111.3
843  8430000 110.0
844  8440000 129.3
845  8450000 158.3
846  8460000 206.7
847  8470000 67.3
848  8480000 89.3
849  8490000 204.7
850  8500000 68.0
851  8510000 158.0
852  8520000 181.3
853  8530000 193.3
854  8540000 91.3
855  8550000 87.7
856  8560000 65.0
857  8570000 108.3
858  8580000 70.0
859  8590000 98.3
860  8600000 95.0
861  8610000 121.3
862  8620000 56.7
863  8630000 121.0
864  8640000 78.0
865  8650000 209.7
866  8660000 139.0
867  8670000 54.0
868  8680000 149.0
869  8690000 79.3
870  8700000 47.0
871  8710000 174.0
872  8720000 58.3
873  8730000 37.0
874  8740000 146.0
875  8750000 140.7
876  8760000 160.0
877  8770000 59.3
878  8780000 102.0
879  8790000 290.3
880  8800000 36.0
881  8810000 110.0
882  8820000 90.3
883  8830000 80.7
884  8840000 114.3
885  8850000 110.7
886  8860000 126.7
887  8870000 178.7
888  8880000 215.7
889  8890000 73.7
890  8900000 72.3
891  8910000 113.0
892  8920000 51.0
893  8930000 140.0
894  8940000 102.7
895  8950000 156.7
896  8960000 154.0
897  8970000 35.7
898  8980000 69.3
899  8990000 108.7
900  9000000 53.3
901  9010000 86.3
902  9020000 129.0
903  9030000 142.7
904  9040000 97.0
905  9050000 168.0
906  9060000 175.0
907  9070000 67.7
908  9080000 221.0
909  9090000 44.3
910  9100000 102.7
911  9110000 144.3
912  9120000 146.0
913  9130000 201.0
914  9140000 175.7
915  9150000 134.7
916  9160000 114.3
917  9170000 128.7
918  9180000 86.0
919  9190000 229.0
920  9200000 143.3
921  9210000 177.7
922  9220000 52.0
923  9230000 69.0
924  9240000 90.0
925  9250000 54.3
926  9260000 123.0
927  9270000 117.3
928  9280000 57.0
929  9290000 90.0
930  9300000 104.3
931  9310000 75.0
932  9320000 135.3
933  9330000 69.7
934  9340000 82.3
935  9350000 130.0
936  9360000 151.3
937  9370000 158.7
938  9380000 137.0
939  9390000 175.7
940  9400000 62.0
941  9410000 72.3
942  9420000 64.0
943  9430000 115.3
944  9440000 186.7
945  9450000 40.3
946  9460000 31.0
947  9470000 36.3
948  9480000 175.0
949  9490000 194.3
950  9500000 74.7
951  9510000 123.7
952  9520000 142.3
953  9530000 107.3
954  9540000 99.0
955  9550000 36.0
956  9560000 219.0
957  9570000 101.0
958  9580000 114.0
959  9590000 161.3
960  9600000 169.3
961  9610000 55.0
962  9620000 171.0
963  9630000 66.7
964  9640000 123.7
965  9650000 136.0
966  9660000 207.3
967  9670000 56.0
968  9680000 74.7
969  9690000 155.0
970  9700000 109.7
971  9710000 199.0
972  9720000 99.0
973  9730000 121.7
974  9740000 123.7
975  9750000 143.3
976  9760000 100.3
977  9770000 148.0
978  9780000 86.3
979  9790000 69.3
980  9800000 162.7
981  9810000 53.7
982  9820000 143.7
983  9830000 122.7
984  9840000 164.0
985  9850000 122.7
986  9860000 60.0
987  9870000 91.7
988  9880000 132.3
989  9890000 177.0
990  9900000 138.3
991  9910000 49.0
992  9920000 79.3
993  9930000 145.7
994  9940000 95.0
995  9950000 108.3
996  9960000 33.7
997  9970000 53.3
998  9980000 129.7
999  9990000 123.7

