  0        0 4.3
  1    10000 1.7
  2    20000 3.3
  3    30000 3.0
  4    40000 1.3
  5    50000 1.7
  6    60000 3.0
  7    70000 1.0
  8    80000 5.3
  9    90000 2.7
 10   100000 2.7
 11   110000 1.7
 12   120000 0.7
 13   130000 1.7
 14   140000 5.3
 15   150000 2.0
 16   160000 2.7
 17   170000 4.3
 18   180000 4.0
 19   190000 2.3
 20   200000 2.0
 21   210000 3.0
 22   220000 5.0
 23   230000 4.3
 24   240000 4.0
 25   250000 7.0
 26   260000 0.7
 27   270000 5.3
 28   280000 3.3
 29   290000 10.7
 30   300000 6.0
 31   310000 4.0
 32   320000 3.3
 33   330000 7.0
 34   340000 11.3
 35   350000 8.3
 36   360000 6.3
 37   370000 9.3
 38   380000 8.7
 39   390000 10.7
 40   400000 10.7
 41   410000 6.3
 42   420000 6.7
 43   430000 7.0
 44   440000 7.0
 45   450000 10.3
 46   460000 10.0
 47   470000 8.3
 48   480000 8.3
 49   490000 7.7
 50   500000 9.3
 51   510000 8.3
 52   520000 9.3
 53   530000 7.3
 54   540000 9.0
 55   550000 7.3
 56   560000 11.7
 57   570000 14.0
 58   580000 9.7
 59   590000 13.3
 60   600000 12.7
 61   610000 6.7
 62   620000 15.0
 63   630000 12.0
 64   640000 10.0
 65   650000 12.7
 66   660000 9.0
 67   670000 14.0
 68   680000 10.3
 69   690000 16.0
 70   700000 14.0
 71   710000 15.7
 72   720000 14.0
 73   730000 17.3
 74   740000 16.0
 75   750000 14.7
 76   760000 12.3
 77   770000 16.0
 78   780000 14.7
 79   790000 18.0
 80   800000 12.7
 81   810000 14.7
 82   820000 14.3
 83   830000 15.3
 84   840000 17.7
 85   850000 17.7
 86   860000 16.3
 87   870000 15.7
 88   880000 16.0
 89   890000 16.3
 90   900000 14.0
 91   910000 21.7
 92   920000 19.3
 93   930000 18.7
 94   940000 20.0
 95   950000 13.7
 96   960000 22.7
 97   970000 21.0
 98   980000 21.3
 99   990000 19.0
100  1000000 18.0
101  1010000 26.3
102  1020000 19.3
103  1030000 26.0
104  1040000 28.0
105  1050000 29.0
106  1060000 26.3
107  1070000 27.3
108  1080000 25.7
109  1090000 24.7
110  1100000 30.7
111  1110000 26.3
112  1120000 42.7
113  1130000 26.7
114  1140000 23.0
115  1150000 28.3
116  1160000 26.0
117  1170000 24.7
118  1180000 24.3
119  1190000 24.0
120  1200000 28.0
121  1210000 29.3
122  1220000 28.3
123  1230000 26.7
124  1240000 25.0
125  1250000 21.7
126  1260000 34.3
127  1270000 28.0
128  1280000 29.7
129  1290000 32.3
130  1300000 26.3
131  1310000 30.0
132  1320000 29.7
133  1330000 28.0
134  1340000 38.3
135  1350000 28.7
136  1360000 24.3
137  1370000 29.0
138  1380000 26.3
139  1390000 31.3
140  1400000 28.0
141  1410000 27.7
142  1420000 29.0
143  1430000 24.3
144  1440000 29.7
145  1450000 31.7
146  1460000 33.3
147  1470000 24.7
148  1480000 34.3
149  1490000 36.3
150  1500000 30.0
151  1510000 31.7
152  1520000 31.0
153  1530000 42.3
154  1540000 36.3
155  1550000 31.3
156  1560000 35.3
157  1570000 46.3
158  1580000 38.3
159  1590000 36.0
160  1600000 39.7
161  1610000 39.7
162  1620000 36.7
163  1630000 35.0
164  1640000 35.0
165  1650000 32.3
166  1660000 38.3
167  1670000 42.7
168  1680000 27.3
169  1690000 38.3
170  1700000 41.7
171  1710000 27.3
172  1720000 39.3
173  1730000 33.7
174  1740000 28.0
175  1750000 45.3
176  1760000 34.3
177  1770000 39.0
178  1780000 48.3
179  1790000 32.0
180  1800000 50.0
181  1810000 39.7
182  1820000 42.7
183  1830000 38.3
184  1840000 40.0
185  1850000 31.7
186  1860000 45.0
187  1870000 55.0
188  1880000 42.0
189  1890000 38.0
190  1900000 45.7
191  1910000 52.0
192  1920000 37.3
193  1930000 45.7
194  1940000 42.3
195  1950000 39.3
196  1960000 39.7
197  1970000 52.0
198  1980000 66.0
199  1990000 49.7
200  2000000 43.0
201  2010000 48.7
202  2020000 57.7
203  2030000 45.3
204  2040000 42.3
205  2050000 56.7
206  2060000 39.7
207  2070000 42.0
208  2080000 50.3
209  2090000 54.3
210  2100000 47.0
211  2110000 34.3
212  2120000 51.0
213  2130000 58.3
214  2140000 45.7
215  2150000 74.0
216  2160000 46.7
217  2170000 54.0
218  2180000 53.0
219  2190000 38.7
220  2200000 47.7
221  2210000 44.0
222  2220000 47.3
223  2230000 48.3
224  2240000 49.7
225  2250000 43.0
226  2260000 48.7
227  2270000 34.3
228  2280000 73.7
229  2290000 42.3
230  2300000 49.7
231  2310000 57.0
232  2320000 47.7
233  2330000 59.7
234  2340000 65.3
235  2350000 55.3
236  2360000 46.7
237  2370000 65.0
238  2380000 33.7
239  2390000 48.3
240  2400000 53.3
241  2410000 50.0
242  2420000 51.0
243  2430000 50.0
244  2440000 67.3
245  2450000 38.7
246  2460000 43.3
247  2470000 60.3
248  2480000 64.3
249  2490000 55.3
250  2500000 74.3
251  2510000 60.3
252  2520000 40.0
253  2530000 51.0
254  2540000 47.3
255  2550000 40.3
256  2560000 54.0
257  2570000 30.7
258  2580000 76.0
259  2590000 35.7
260  2600000 55.0
261  2610000 38.3
262  2620000 65.0
263  2630000 45.3
264  2640000 46.0
265  2650000 48.3
266  2660000 66.3
267  2670000 61.0
268  2680000 55.0
269  2690000 62.3
270  2700000 47.7
271  2710000 134.0
272  2720000 60.0
273  2730000 52.7
274  2740000 47.7
275  2750000 44.3
276  2760000 66.3
277  2770000 39.7
278  2780000 44.3
279  2790000 50.3
280  2800000 56.3
281  2810000 64.0
282  2820000 66.3
283  2830000 55.7
284  2840000 58.3
285  2850000 57.3
286  2860000 66.3
287  2870000 50.0
288  2880000 49.3
289  2890000 57.3
290  2900000 55.7
291  2910000 82.3
292  2920000 57.7
293  2930000 63.0
294  2940000 59.0
295  2950000 62.0
296  2960000 47.0
297  2970000 61.3
298  2980000 62.7
299  2990000 52.0
300  3000000 64.3
301  3010000 53.3
302  3020000 156.0
303  3030000 48.7
304  3040000 54.3
305  3050000 65.7
306  3060000 68.0
307  3070000 140.3
308  3080000 79.0
309  3090000 43.3
310  3100000 66.3
311  3110000 29.3
312  3120000 37.7
313  3130000 49.3
314  3140000 86.3
315  3150000 59.0
316  3160000 75.0
317  3170000 76.0
318  3180000 67.0
319  3190000 58.7
320  3200000 65.3
321  3210000 50.7
322  3220000 31.7
323  3230000 70.3
324  3240000 52.0
325  3250000 43.3
326  3260000 74.0
327  3270000 48.3
328  3280000 122.3
329  3290000 65.0
330  3300000 79.7
331  3310000 67.7
332  3320000 77.7
333  3330000 24.3
334  3340000 75.7
335  3350000 67.3
336  3360000 73.3
337  3370000 62.7
338  3380000 112.3
339  3390000 80.3
340  3400000 87.0
341  3410000 71.3
342  3420000 103.7
343  3430000 67.0
344  3440000 76.7
345  3450000 83.0
346  3460000 49.0
347  3470000 54.7
348  3480000 133.3
349  3490000 67.7
350  3500000 122.3
351  3510000 75.7
352  3520000 80.7
353  3530000 79.0
354  3540000 186.7
355  3550000 68.7
356  3560000 54.3
357  3570000 179.3
358  3580000 61.3
359  3590000 85.3
360  3600000 212.7
361  3610000 58.3
362  3620000 57.3
363  3630000 113.3
364  3640000 66.0
365  3650000 61.7
366  3660000 121.7
367  3670000 57.3
368  3680000 37.0
369  3690000 138.7
370  3700000 87.0
371  3710000 58.0
372  3720000 65.3
373  3730000 57.3
374  3740000 78.7
375  3750000 67.7
376  3760000 64.7
377  3770000 76.0
378  3780000 112.7
379  3790000 88.0
380  3800000 107.7
381  3810000 53.7
382  3820000 74.3
383  3830000 99.3
384  3840000 160.7
385  3850000 86.0
386  3860000 81.0
387  3870000 145.7
388  3880000 101.0
389  3890000 100.3
390  3900000 125.3
391  3910000 81.0
392  3920000 78.3
393  3930000 78.7
394  3940000 99.3
395  3950000 74.3
396  3960000 94.0
397  3970000 115.3
398  3980000 191.0
399  3990000 70.7
400  4000000 55.3
401  4010000 84.7
402  4020000 34.0
403  4030000 62.7
404  4040000 119.0
405  4050000 87.7
406  4060000 85.0
407  4070000 85.0
408  4080000 58.7
409  4090000 88.3
410  4100000 83.7
411  4110000 90.3
412  4120000 92.7
413  4130000 99.3
414  4140000 61.0
415  4150000 106.0
416  4160000 53.3
417  4170000 87.3
418  4180000 60.7
419  4190000 98.7
420  4200000 81.3
421  4210000 145.7
422  4220000 62.0
423  4230000 86.7
424  4240000 147.7
425  4250000 131.3
426  4260000 67.0
427  4270000 104.0
428  4280000 142.7
429  4290000 80.0
430  4300000 66.3
431  4310000 70.7
432  4320000 150.0
433  4330000 39.0
434  4340000 122.0
435  4350000 96.7
436  4360000 154.3
437  4370000 91.0
438  4380000 138.3
439  4390000 45.7
440  4400000 109.7
441  4410000 112.3
442  4420000 92.0
443  4430000 64.7
444  4440000 62.7
445  4450000 61.7
446  4460000 74.0
447  4470000 135.3
448  4480000 108.3
449  4490000 195.3
450  4500000 60.7
451  4510000 58.0
452  4520000 46.7
453  4530000 132.7
454  4540000 88.0
455  4550000 101.3
456  4560000 105.7
457  4570000 247.0
458  4580000 101.7
459  4590000 71.3
460  4600000 128.3
461  4610000 58.7
462  4620000 93.3
463  4630000 43.0
464  4640000 178.7
465  4650000 196.3
466  4660000 77.7
467  4670000 105.7
468  4680000 54.0
469  4690000 66.7
470  4700000 140.7
471  4710000 39.0
472  4720000 104.0
473  4730000 95.7
474  4740000 152.7
475  4750000 92.0
476  4760000 111.7
477  4770000 60.0
478  4780000 90.7
479  4790000 111.7
480  4800000 113.3
481  4810000 183.7
482  4820000 155.0
483  4830000 77.3
484  4840000 115.7
485  4850000 164.0
486  4860000 149.0
487  4870000 94.7
488  4880000 77.3
489  4890000 104.3
490  4900000 117.3
491  4910000 120.7
492  4920000 102.0
493  4930000 111.3
494  4940000 93.7
495  4950000 141.7
496  4960000 133.3
497  4970000 137.0
498  4980000 85.0
499  4990000 55.7
500  5000000 72.7
501  5010000 129.7
502  5020000 73.7
503  5030000 87.7
504  5040000 107.0
505  5050000 50.3
506  5060000 84.3
507  5070000 87.3
508  5080000 63.7
509  5090000 107.3
510  5100000 60.0
511  5110000 50.3
512  5120000 83.3
513  5130000 165.7
514  5140000 59.7
515  5150000 42.7
516  5160000 86.7
517  5170000 84.3
518  5180000 144.0
519  5190000 85.3
520  5200000 127.3
521  5210000 123.7
522  5220000 88.3
523  5230000 84.7
524  5240000 164.7
525  5250000 126.7
526  5260000 164.7
527  5270000 99.0
528  5280000 63.3
529  5290000 188.3
530  5300000 146.0
531  5310000 90.0
532  5320000 168.0
533  5330000 114.3
534  5340000 206.7
535  5350000 111.3
536  5360000 90.3
537  5370000 54.3
538  5380000 114.0
539  5390000 45.3
540  5400000 49.0
541  5410000 57.0
542  5420000 122.0
543  5430000 116.3
544  5440000 90.0
545  5450000 133.7
546  5460000 133.7
547  5470000 72.0
548  5480000 71.0
549  5490000 121.3
550  5500000 90.0
551  5510000 115.3
552  5520000 136.0
553  5530000 86.3
554  5540000 147.7
555  5550000 71.0
556  5560000 67.0
557  5570000 82.0
558  5580000 116.0
559  5590000 160.3
560  5600000 149.3
561  5610000 74.0
562  5620000 187.0
563  5630000 109.7
564  5640000 213.0
565  5650000 235.3
566  5660000 77.7
567  5670000 118.3
568  5680000 77.7
569  5690000 157.0
570  5700000 180.0
571  5710000 134.7
572  5720000 86.3
573  5730000 71.3
574  5740000 134.0
575  5750000 63.3
576  5760000 125.0
577  5770000 51.0
578  5780000 88.3
579  5790000 154.3
580  5800000 138.0
581  5810000 225.3
582  5820000 63.0
583  5830000 156.3
584  5840000 169.3
585  5850000 153.7
586  5860000 146.0
587  5870000 130.0
588  5880000 163.3
589  5890000 71.7
590  5900000 103.7
591  5910000 228.3
592  5920000 77.3
593  5930000 196.0
594  5940000 114.7
595  5950000 166.7
596  5960000 71.0
597  5970000 93.0
598  5980000 171.3
599  5990000 101.3
600  6000000 95.0
601  6010000 74.7
602  6020000 76.0
603  6030000 59.7
604  6040000 36.0
605  6050000 85.3
606  6060000 100.3
607  6070000 98.3
608  6080000 69.3
609  6090000 130.7
610  6100000 66.0
611  6110000 95.7
612  6120000 92.7
613  6130000 41.3
614  6140000 42.3
615  6150000 155.0
616  6160000 105.7
617  6170000 135.3
618  6180000 91.7
619  6190000 58.7
620  6200000 58.3
621  6210000 83.7
622  6220000 52.7
623  6230000 149.7
624  6240000 86.3
625  6250000 100.3
626  6260000 151.0
627  6270000 152.3
628  6280000 41.3
629  6290000 96.7
630  6300000 169.3
631  6310000 214.3
632  6320000 155.0
633  6330000 151.3
634  6340000 115.7
635  6350000 220.0
636  6360000 187.7
637  6370000 61.3
638  6380000 156.7
639  6390000 53.7
640  6400000 137.0
641  6410000 112.0
642  6420000 51.0
643  6430000 214.0
644  6440000 174.3
645  6450000 100.0
646  6460000 125.7
647  6470000 98.7
648  6480000 108.7
649  6490000 107.0
650  6500000 140.3
651  6510000 96.0
652  6520000 56.0
653  6530000 128.7
654  6540000 107.0
655  6550000 152.3
656  6560000 104.7
657  6570000 70.7
658  6580000 144.0
659  6590000 151.0
660  6600000 132.0
661  6610000 48.0
662  6620000 184.3
663  6630000 131.0
664  6640000 142.0
665  6650000 77.7
666  6660000 100.0
667  6670000 65.3
668  6680000 138.3
669  6690000 155.7
670  6700000 174.7
671  6710000 149.3
672  6720000 106.3
673  6730000 178.0
674  6740000 110.7
675  6750000 113.7
676  6760000 137.0
677  6770000 138.3
678  6780000 75.3
679  6790000 109.0
680  6800000 121.0
681  6810000 84.3
682  6820000 115.7
683  6830000 132.7
684  6840000 179.0
685  6850000 92.3
686  6860000 130.3
687  6870000 48.0
688  6880000 90.0
689  6890000 95.0
690  6900000 73.3
691  6910000 191.3
692  6920000 136.0
693  6930000 68.7
694  6940000 123.0
695  6950000 93.0
696  6960000 225.0
697  6970000 88.0
698  6980000 97.7
699  6990000 140.7
700  7000000 87.3
701  7010000 41.0
702  7020000 203.0
703  7030000 104.0
704  7040000 108.7
705  7050000 81.0
706  7060000 46.7
707  7070000 56.0
708  7080000 36.3
709  7090000 202.7
710  7100000 124.3
711  7110000 116.7
712  7120000 60.7
713  7130000 125.3
714  7140000 118.7
715  7150000 125.7
716  7160000 85.7
717  7170000 96.7
718  7180000 58.7
719  7190000 112.3
720  7200000 117.7
721  7210000 126.0
722  7220000 111.7
723  7230000 95.3
724  7240000 56.7
725  7250000 212.7
726  7260000 135.0
727  7270000 103.3
728  7280000 77.3
729  7290000 101.0
730  7300000 219.0
731  7310000 126.3
732  7320000 137.3
733  7330000 90.7
734  7340000 157.3
735  7350000 107.0
736  7360000 93.7
737  7370000 84.3
738  7380000 211.0
739  7390000 214.0
740  7400000 104.7
741  7410000 50.3
742  7420000 71.3
743  7430000 90.7
744  7440000 92.7
745  7450000 75.3
746  7460000 116.3
747  7470000 55.3
748  7480000 113.7
749  7490000 163.7
750  7500000 108.7
751  7510000 58.0
752  7520000 66.0
753  7530000 124.0
754  7540000 51.0
755  7550000 60.0
756  7560000 127.3
757  7570000 201.3
758  7580000 252.0
759  7590000 76.0
760  7600000 131.3
761  7610000 88.3
762  7620000 43.0
763  7630000 166.3
764  7640000 74.7
765  7650000 88.0
766  7660000 100.7
767  7670000 41.7
768  7680000 109.0
769  7690000 104.3
770  7700000 175.3
771  7710000 102.7
772  7720000 46.0
773  7730000 159.7
774  7740000 105.3
775  7750000 154.3
776  7760000 73.3
777  7770000 154.3
778  7780000 83.0
779  7790000 42.3
780  7800000 102.7
781  7810000 138.0
782  7820000 96.7
783  7830000 111.3
784  7840000 179.3
785  7850000 48.0
786  7860000 114.7
787  7870000 24.3
788  7880000 66.7
789  7890000 87.0
790  7900000 70.7
791  7910000 143.0
792  7920000 58.7
793  7930000 97.3
794  7940000 178.3
795  7950000 112.3
796  7960000 51.3
797  7970000 51.7
798  7980000 89.0
799  7990000 122.7
800  8000000 95.3
801  8010000 47.3
802  8020000 100.7
803  8030000 141.3
804  8040000 57.0
805  8050000 173.0
806  8060000 109.7
807  8070000 76.0
808  8080000 204.3
809  8090000 48.0
810  8100000 54.7
811  8110000 87.3
812  8120000 110.0
813  8130000 93.7
814  8140000 146.0
815  8150000 69.7
816  8160000 168.7
817  8170000 132.7
818  8180000 153.3
819  8190000 230.3
820  8200000 87.0
821  8210000 97.7
822  8220000 114.3
823  8230000 182.3
824  8240000 198.0
825  8250000 155.7
826  8260000 123.3
827  8270000 72.3
828  8280000 213.0
829  8290000 272.3
830  8300000 168.3
831  8310000 124.7
832  8320000 228.3
833  8330000 164.0
834  8340000 217.3
835  8350000 74.0
836  8360000 129.7
837  8370000 249.0
838  8380000 70.0
839  8390000 185.3
840  8400000 221.0
841  8410000 169.7
842  8420000 73.7
843  8430000 180.0
844  8440000 125.7
845  8450000 120.3
846  8460000 116.0
847  8470000 99.3
848  8480000 113.3
849  8490000 90.3
850  8500000 126.7
851  8510000 104.7
852  8520000 45.7
853  8530000 150.0
854  8540000 92.0
855  8550000 37.7
856  8560000 90.3
857  8570000 133.7
858  8580000 100.3
859  8590000 71.3
860  8600000 66.3
861  8610000 60.7
862  8620000 173.7
863  8630000 120.7
864  8640000 80.0
865  8650000 96.7
866  8660000 51.7
867  8670000 61.7
868  8680000 161.3
869  8690000 174.7
870  8700000 106.0
871  8710000 54.7
872  8720000 75.0
873  8730000 164.3
874  8740000 69.7
875  8750000 150.7
876  8760000 229.0
877  8770000 85.0
878  8780000 152.7
879  8790000 178.3
880  8800000 174.0
881  8810000 173.0
882  8820000 99.7
883  8830000 68.7
884  8840000 47.7
885  8850000 60.0
886  8860000 161.0
887  8870000 51.7
888  8880000 79.0
889  8890000 74.0
890  8900000 82.3
891  8910000 151.3
892  8920000 80.3
893  8930000 199.0
894  8940000 74.7
895  8950000 119.7
896  8960000 68.0
897  8970000 59.0
898  8980000 199.3
899  8990000 89.7
900  9000000 150.7
901  9010000 116.0
902  9020000 136.7
903  9030000 175.3
904  9040000 101.3
905  9050000 89.0
906  9060000 140.7
907  9070000 161.7
908  9080000 85.0
909  9090000 132.0
910  9100000 128.7
911  9110000 52.0
912  9120000 97.0
913  9130000 151.3
914  9140000 122.7
915  9150000 142.3
916  9160000 174.7
917  9170000 136.0
918  9180000 282.0
919  9190000 38.7
920  9200000 302.7
921  9210000 104.0
922  9220000 168.0
923  9230000 224.7
924  9240000 121.3
925  9250000 145.7
926  9260000 164.3
927  9270000 147.7
928  9280000 86.0
929  9290000 162.0
930  9300000 97.0
931  9310000 84.3
932  9320000 68.7
933  9330000 154.3
934  9340000 96.3
935  9350000 85.3
936  9360000 161.3
937  9370000 57.3
938  9380000 45.0
939  9390000 56.7
940  9400000 51.7
941  9410000 92.0
942  9420000 40.3
943  9430000 70.0
944  9440000 50.3
945  9450000 57.7
946  9460000 188.3
947  9470000 51.0
948  9480000 55.3
949  9490000 94.3
950  9500000 74.7
951  9510000 88.3
952  9520000 207.7
953  9530000 95.7
954  9540000 199.0
955  9550000 162.7
956  9560000 66.0
957  9570000 152.7
958  9580000 60.3
959  9590000 141.3
960  9600000 43.3
961  9610000 186.0
962  9620000 135.3
963  9630000 147.7
964  9640000 224.7
965  9650000 80.7
966  9660000 138.3
967  9670000 57.3
968  9680000 168.3
969  9690000 236.0
970  9700000 120.0
971  9710000 238.3
972  9720000 84.0
973  9730000 60.3
974  9740000 190.0
975  9750000 178.0
976  9760000 128.0
977  9770000 81.3
978  9780000 115.7
979  9790000 67.7
980  9800000 238.3
981  9810000 196.0
982  9820000 125.7
983  9830000 174.7
984  9840000 254.3
985  9850000 166.0
986  9860000 190.7
987  9870000 105.0
988  9880000 114.0
989  9890000 149.7
990  9900000 65.7
991  9910000 86.3
992  9920000 198.7
993  9930000 90.0
994  9940000 146.3
995  9950000 66.7
996  9960000 57.3
997  9970000 164.7
998  9980000 271.0
999  9990000 71.0
