  0        0 4.3
  1    10000 1.7
  2    20000 3.3
  3    30000 3.0
  4    40000 1.3
  5    50000 1.7
  6    60000 3.0
  7    70000 1.0
  8    80000 1.3
  9    90000 3.0
 10   100000 4.0
 11   110000 2.0
 12   120000 2.3
 13   130000 2.3
 14   140000 2.7
 15   150000 2.0
 16   160000 2.0
 17   170000 6.3
 18   180000 2.3
 19   190000 3.7
 20   200000 5.0
 21   210000 8.3
 22   220000 8.3
 23   230000 4.0
 24   240000 8.3
 25   250000 5.0
 26   260000 4.3
 27   270000 7.7
 28   280000 10.0
 29   290000 9.3
 30   300000 8.7
 31   310000 4.0
 32   320000 5.0
 33   330000 6.0
 34   340000 6.7
 35   350000 8.0
 36   360000 12.0
 37   370000 12.0
 38   380000 7.7
 39   390000 9.7
 40   400000 11.0
 41   410000 10.7
 42   420000 6.3
 43   430000 9.7
 44   440000 7.0
 45   450000 13.7
 46   460000 11.7
 47   470000 9.7
 48   480000 11.3
 49   490000 8.7
 50   500000 9.7
 51   510000 12.0
 52   520000 10.3
 53   530000 8.3
 54   540000 11.0
 55   550000 11.3
 56   560000 13.3
 57   570000 7.0
 58   580000 16.3
 59   590000 10.0
 60   600000 13.0
 61   610000 8.0
 62   620000 10.7
 63   630000 8.7
 64   640000 10.3
 65   650000 12.7
 66   660000 13.7
 67   670000 15.0
 68   680000 13.3
 69   690000 13.7
 70   700000 18.3
 71   710000 15.0
 72   720000 17.7
 73   730000 14.7
 74   740000 17.7
 75   750000 17.3
 76   760000 11.3
 77   770000 15.3
 78   780000 14.3
 79   790000 18.3
 80   800000 13.7
 81   810000 14.0
 82   820000 18.0
 83   830000 17.0
 84   840000 21.7
 85   850000 14.0
 86   860000 16.0
 87   870000 22.3
 88   880000 18.0
 89   890000 20.7
 90   900000 19.7
 91   910000 18.3
 92   920000 21.3
 93   930000 24.7
 94   940000 17.7
 95   950000 23.0
 96   960000 14.7
 97   970000 24.7
 98   980000 23.0
 99   990000 23.0
100  1000000 23.7
101  1010000 22.7
102  1020000 25.0
103  1030000 20.3
104  1040000 25.3
105  1050000 24.7
106  1060000 33.0
107  1070000 20.0
108  1080000 31.0
109  1090000 28.3
110  1100000 31.0
111  1110000 31.3
112  1120000 26.7
113  1130000 22.0
114  1140000 22.0
115  1150000 24.0
116  1160000 26.3
117  1170000 21.7
118  1180000 24.7
119  1190000 24.0
120  1200000 25.7
121  1210000 24.3
122  1220000 25.0
123  1230000 28.7
124  1240000 29.0
125  1250000 26.0
126  1260000 28.7
127  1270000 29.3
128  1280000 24.0
129  1290000 25.3
130  1300000 35.0
131  1310000 28.0
132  1320000 31.0
133  1330000 32.0
134  1340000 29.0
135  1350000 29.0
136  1360000 24.0
137  1370000 26.3
138  1380000 32.7
139  1390000 40.7
140  1400000 27.0
141  1410000 30.7
142  1420000 30.0
143  1430000 39.3
144  1440000 34.3
145  1450000 34.7
146  1460000 39.3
147  1470000 33.7
148  1480000 34.7
149  1490000 34.3
150  1500000 23.3
151  1510000 30.7
152  1520000 27.0
153  1530000 31.0
154  1540000 28.7
155  1550000 44.0
156  1560000 24.3
157  1570000 40.0
158  1580000 38.3
159  1590000 46.3
160  1600000 39.0
161  1610000 26.7
162  1620000 33.0
163  1630000 31.3
164  1640000 29.7
165  1650000 33.0
166  1660000 34.7
167  1670000 31.0
168  1680000 36.0
169  1690000 45.0
170  1700000 39.7
171  1710000 43.3
172  1720000 30.7
173  1730000 47.0
174  1740000 49.0
175  1750000 48.3
176  1760000 38.7
177  1770000 40.0
178  1780000 39.0
179  1790000 28.7
180  1800000 40.7
181  1810000 37.3
182  1820000 42.0
183  1830000 50.0
184  1840000 37.7
185  1850000 39.3
186  1860000 35.3
187  1870000 40.3
188  1880000 29.3
189  1890000 37.7
190  1900000 40.0
191  1910000 26.7
192  1920000 37.7
193  1930000 47.3
194  1940000 46.3
195  1950000 47.3
196  1960000 46.7
197  1970000 34.3
198  1980000 30.7
199  1990000 65.0
200  2000000 52.3
201  2010000 52.0
202  2020000 39.7
203  2030000 50.7
204  2040000 55.0
205  2050000 39.7
206  2060000 46.0
207  2070000 41.7
208  2080000 46.3
209  2090000 41.3
210  2100000 41.3
211  2110000 54.0
212  2120000 37.7
213  2130000 57.0
214  2140000 41.3
215  2150000 53.3
216  2160000 38.7
217  2170000 39.7
218  2180000 43.3
219  2190000 50.0
220  2200000 55.7
221  2210000 50.3
222  2220000 41.7
223  2230000 36.7
224  2240000 49.7
225  2250000 45.3
226  2260000 39.7
227  2270000 39.0
228  2280000 71.0
229  2290000 77.0
230  2300000 45.0
231  2310000 83.0
232  2320000 62.7
233  2330000 40.3
234  2340000 39.7
235  2350000 72.0
236  2360000 44.7
237  2370000 55.0
238  2380000 56.7
239  2390000 61.0
240  2400000 55.7
241  2410000 54.7
242  2420000 56.7
243  2430000 43.0
244  2440000 56.3
245  2450000 54.3
246  2460000 48.3
247  2470000 56.0
248  2480000 55.7
249  2490000 46.3
250  2500000 42.7
251  2510000 47.3
252  2520000 37.7
253  2530000 71.7
254  2540000 49.0
255  2550000 54.3
256  2560000 48.7
257  2570000 48.0
258  2580000 41.3
259  2590000 60.3
260  2600000 72.3
261  2610000 73.0
262  2620000 62.3
263  2630000 70.3
264  2640000 72.7
265  2650000 63.0
266  2660000 44.7
267  2670000 48.3
268  2680000 77.0
269  2690000 52.3
270  2700000 83.0
271  2710000 65.3
272  2720000 61.7
273  2730000 68.0
274  2740000 48.0
275  2750000 46.0
276  2760000 61.0
277  2770000 74.3
278  2780000 46.0
279  2790000 63.0
280  2800000 51.3
281  2810000 65.7
282  2820000 58.0
283  2830000 66.0
284  2840000 41.3
285  2850000 76.7
286  2860000 89.7
287  2870000 45.0
288  2880000 76.7
289  2890000 57.3
290  2900000 64.3
291  2910000 75.3
292  2920000 90.0
293  2930000 95.7
294  2940000 58.7
295  2950000 57.7
296  2960000 90.0
297  2970000 44.7
298  2980000 53.7
299  2990000 56.0
300  3000000 70.3
301  3010000 93.7
302  3020000 61.7
303  3030000 38.7
304  3040000 35.0
305  3050000 37.3
306  3060000 60.3
307  3070000 90.7
308  3080000 64.3
309  3090000 43.3
310  3100000 54.3
311  3110000 115.0
312  3120000 49.3
313  3130000 92.0
314  3140000 73.0
315  3150000 94.3
316  3160000 55.0
317  3170000 72.3
318  3180000 107.0
319  3190000 48.3
320  3200000 55.7
321  3210000 56.7
322  3220000 52.0
323  3230000 56.0
324  3240000 95.3
325  3250000 93.3
326  3260000 85.3
327  3270000 83.7
328  3280000 65.7
329  3290000 69.0
330  3300000 84.0
331  3310000 138.3
332  3320000 87.3
333  3330000 111.0
334  3340000 89.3
335  3350000 62.3
336  3360000 64.7
337  3370000 69.3
338  3380000 72.7
339  3390000 87.3
340  3400000 48.3
341  3410000 66.7
342  3420000 122.7
343  3430000 146.7
344  3440000 90.3
345  3450000 68.7
346  3460000 54.7
347  3470000 60.0
348  3480000 97.7
349  3490000 96.0
350  3500000 81.3
351  3510000 93.3
352  3520000 124.0
353  3530000 116.3
354  3540000 134.7
355  3550000 147.7
356  3560000 111.0
357  3570000 95.7
358  3580000 139.7
359  3590000 61.0
360  3600000 85.0
361  3610000 51.0
362  3620000 58.7
363  3630000 106.0
364  3640000 75.0
365  3650000 76.3
366  3660000 89.0
367  3670000 93.7
368  3680000 88.3
369  3690000 103.7
370  3700000 103.7
371  3710000 136.3
372  3720000 40.3
373  3730000 141.0
374  3740000 99.0
375  3750000 99.0
376  3760000 102.7
377  3770000 152.7
378  3780000 32.3
379  3790000 61.0
380  3800000 48.0
381  3810000 111.0
382  3820000 63.7
383  3830000 69.0
384  3840000 75.0
385  3850000 65.0
386  3860000 60.0
387  3870000 45.0
388  3880000 41.0
389  3890000 112.7
390  3900000 85.7
391  3910000 71.0
392  3920000 151.3
393  3930000 131.0
394  3940000 60.7
395  3950000 75.0
396  3960000 69.7
397  3970000 180.0
398  3980000 74.7
399  3990000 114.3
400  4000000 148.0
401  4010000 115.3
402  4020000 98.0
403  4030000 167.7
404  4040000 140.3
405  4050000 129.3
406  4060000 84.3
407  4070000 110.0
408  4080000 44.3
409  4090000 82.0
410  4100000 88.0
411  4110000 72.3
412  4120000 69.7
413  4130000 51.3
414  4140000 73.0
415  4150000 82.3
416  4160000 153.3
417  4170000 194.7
418  4180000 182.7
419  4190000 45.7
420  4200000 124.0
421  4210000 66.3
422  4220000 52.0
423  4230000 155.3
424  4240000 60.7
425  4250000 115.7
426  4260000 124.3
427  4270000 53.3
428  4280000 86.3
429  4290000 94.0
430  4300000 103.0
431  4310000 51.0
432  4320000 84.7
433  4330000 67.3
434  4340000 106.7
435  4350000 135.0
436  4360000 95.7
437  4370000 158.7
438  4380000 97.7
439  4390000 130.7
440  4400000 95.0
441  4410000 118.0
442  4420000 154.7
443  4430000 103.3
444  4440000 55.0
445  4450000 38.0
446  4460000 139.7
447  4470000 73.3
448  4480000 43.7
449  4490000 194.3
450  4500000 88.0
451  4510000 94.7
452  4520000 135.3
453  4530000 126.7
454  4540000 145.3
455  4550000 230.3
456  4560000 143.3
457  4570000 129.3
458  4580000 56.7
459  4590000 60.7
460  4600000 125.0
461  4610000 189.0
462  4620000 78.0
463  4630000 70.0
464  4640000 125.0
465  4650000 74.3
466  4660000 117.0
467  4670000 91.3
468  4680000 202.7
469  4690000 89.7
470  4700000 163.0
471  4710000 89.0
472  4720000 54.0
473  4730000 129.0
474  4740000 131.0
475  4750000 83.7
476  4760000 135.7
477  4770000 79.3
478  4780000 101.0
479  4790000 103.0
480  4800000 64.7
481  4810000 104.3
482  4820000 122.7
483  4830000 155.0
484  4840000 218.0
485  4850000 61.0
486  4860000 107.7
487  4870000 74.7
488  4880000 116.3
489  4890000 90.3
490  4900000 86.0
491  4910000 139.7
492  4920000 107.3
493  4930000 88.7
494  4940000 126.7
495  4950000 99.7
496  4960000 56.3
497  4970000 69.3
498  4980000 94.3
499  4990000 88.7
500  5000000 91.3
501  5010000 47.7
502  5020000 72.0
503  5030000 51.0
504  5040000 54.0
505  5050000 77.7
506  5060000 118.3
507  5070000 69.7
508  5080000 47.0
509  5090000 57.0
510  5100000 58.7
511  5110000 182.0
512  5120000 113.3
513  5130000 146.0
514  5140000 139.3
515  5150000 100.3
516  5160000 85.7
517  5170000 129.0
518  5180000 280.3
519  5190000 94.0
520  5200000 132.7
521  5210000 68.7
522  5220000 70.3
523  5230000 119.0
524  5240000 71.3
525  5250000 93.7
526  5260000 121.7
527  5270000 38.3
528  5280000 16.7
529  5290000 26.3
530  5300000 68.0
531  5310000 56.3
532  5320000 75.0
533  5330000 71.3
534  5340000 148.0
535  5350000 62.3
536  5360000 133.7
537  5370000 86.3
538  5380000 60.3
539  5390000 78.3
540  5400000 88.3
541  5410000 150.0
542  5420000 100.7
543  5430000 170.3
544  5440000 50.0
545  5450000 77.0
546  5460000 142.3
547  5470000 95.3
548  5480000 67.0
549  5490000 146.7
550  5500000 188.7
551  5510000 69.7
552  5520000 85.7
553  5530000 65.7
554  5540000 128.7
555  5550000 111.7
556  5560000 82.7
557  5570000 137.7
558  5580000 61.7
559  5590000 70.0
560  5600000 148.7
561  5610000 95.0
562  5620000 124.3
563  5630000 107.0
564  5640000 31.7
565  5650000 30.7
566  5660000 74.7
567  5670000 96.0
568  5680000 84.3
569  5690000 78.3
570  5700000 35.0
571  5710000 180.0
572  5720000 30.7
573  5730000 86.0
574  5740000 54.7
575  5750000 69.0
576  5760000 153.7
577  5770000 123.3
578  5780000 103.7
579  5790000 92.7
580  5800000 133.7
581  5810000 91.3
582  5820000 87.0
583  5830000 139.3
584  5840000 50.3
585  5850000 84.0
586  5860000 134.0
587  5870000 52.3
588  5880000 190.7
589  5890000 115.7
590  5900000 192.7
591  5910000 83.7
592  5920000 56.0
593  5930000 76.3
594  5940000 91.3
595  5950000 164.3
596  5960000 53.7
597  5970000 170.7
598  5980000 79.7
599  5990000 119.0
600  6000000 180.0
601  6010000 201.3
602  6020000 94.3
603  6030000 140.3
604  6040000 60.7
605  6050000 148.7
606  6060000 52.3
607  6070000 147.0
608  6080000 85.0
609  6090000 120.7
610  6100000 133.0
611  6110000 166.3
612  6120000 159.3
613  6130000 136.0
614  6140000 160.3
615  6150000 123.0
616  6160000 45.3
617  6170000 175.3
618  6180000 74.3
619  6190000 55.3
620  6200000 147.3
621  6210000 80.0
622  6220000 161.3
623  6230000 97.0
624  6240000 137.7
625  6250000 86.0
626  6260000 87.0
627  6270000 40.7
628  6280000 145.3
629  6290000 111.0
630  6300000 130.7
631  6310000 71.0
632  6320000 174.3
633  6330000 106.0
634  6340000 206.7
635  6350000 89.7
636  6360000 38.7
637  6370000 62.3
638  6380000 24.0
639  6390000 32.0
640  6400000 104.7
641  6410000 99.3
642  6420000 25.0
643  6430000 28.7
644  6440000 37.3
645  6450000 109.7
646  6460000 41.3
647  6470000 134.7
648  6480000 106.0
649  6490000 82.3
650  6500000 101.3
651  6510000 146.7
652  6520000 128.3
653  6530000 129.7
654  6540000 81.0
655  6550000 126.3
656  6560000 162.3
657  6570000 166.7
658  6580000 140.0
659  6590000 92.0
660  6600000 111.7
661  6610000 207.0
662  6620000 148.3
663  6630000 193.7
664  6640000 27.7
665  6650000 34.0
666  6660000 61.7
667  6670000 18.0
668  6680000 20.3
669  6690000 109.3
670  6700000 73.0
671  6710000 102.3
672  6720000 131.7
673  6730000 97.7
674  6740000 156.3
675  6750000 38.7
676  6760000 82.0
677  6770000 56.3
678  6780000 151.0
679  6790000 149.7
680  6800000 148.7
681  6810000 145.3
682  6820000 185.3
683  6830000 131.7
684  6840000 94.0
685  6850000 210.3
686  6860000 147.0
687  6870000 178.0
688  6880000 108.7
689  6890000 45.0
690  6900000 65.7
691  6910000 87.7
692  6920000 192.0
693  6930000 50.7
694  6940000 63.7
695  6950000 60.3
696  6960000 33.0
697  6970000 164.7
698  6980000 188.3
699  6990000 78.7
700  7000000 56.0
701  7010000 102.0
702  7020000 142.0
703  7030000 125.0
704  7040000 185.3
705  7050000 169.3
706  7060000 123.7
707  7070000 31.3
708  7080000 33.3
709  7090000 61.0
710  7100000 19.0
711  7110000 104.0
712  7120000 43.0
713  7130000 150.0
714  7140000 90.0
715  7150000 78.3
716  7160000 226.0
717  7170000 96.7
718  7180000 67.0
719  7190000 77.7
720  7200000 81.0
721  7210000 159.7
722  7220000 111.7
723  7230000 142.3
724  7240000 82.7
725  7250000 180.0
726  7260000 75.0
727  7270000 70.3
728  7280000 144.0
729  7290000 89.7
730  7300000 133.7
731  7310000 102.3
732  7320000 23.3
733  7330000 148.0
734  7340000 16.0
735  7350000 13.3
736  7360000 23.0
737  7370000 28.3
738  7380000 14.0
739  7390000 126.3
740  7400000 49.7
741  7410000 54.7
742  7420000 125.0
743  7430000 46.3
744  7440000 172.3
745  7450000 39.3
746  7460000 93.0
747  7470000 52.3
748  7480000 179.7
749  7490000 131.0
750  7500000 113.3
751  7510000 36.7
752  7520000 28.3
753  7530000 100.0
754  7540000 53.7
755  7550000 122.0
756  7560000 96.7
757  7570000 157.0
758  7580000 178.7
759  7590000 66.0
760  7600000 60.7
761  7610000 150.3
762  7620000 68.0
763  7630000 111.3
764  7640000 75.7
765  7650000 196.3
766  7660000 120.0
767  7670000 102.3
768  7680000 33.7
769  7690000 99.3
770  7700000 137.7
771  7710000 117.3
772  7720000 129.0
773  7730000 67.3
774  7740000 45.3
775  7750000 96.0
776  7760000 214.7
777  7770000 202.3
778  7780000 83.3
779  7790000 27.7
780  7800000 29.3
781  7810000 168.7
782  7820000 71.7
783  7830000 65.0
784  7840000 47.3
785  7850000 99.7
786  7860000 49.3
787  7870000 64.7
788  7880000 63.7
789  7890000 146.7
790  7900000 238.7
791  7910000 70.3
792  7920000 92.3
793  7930000 36.3
794  7940000 86.3
795  7950000 164.7
796  7960000 101.7
797  7970000 174.7
798  7980000 87.7
799  7990000 113.0
800  8000000 307.0
801  8010000 71.0
802  8020000 129.7
803  8030000 220.0
804  8040000 97.7
805  8050000 30.7
806  8060000 49.7
807  8070000 46.0
808  8080000 167.7
809  8090000 140.3
810  8100000 40.0
811  8110000 210.3
812  8120000 51.0
813  8130000 37.0
814  8140000 161.7
815  8150000 199.0
816  8160000 45.3
817  8170000 77.7
818  8180000 63.7
819  8190000 239.7
820  8200000 152.0
821  8210000 137.7
822  8220000 118.3
823  8230000 94.0
824  8240000 91.0
825  8250000 49.0
826  8260000 22.0
827  8270000 99.0
828  8280000 28.3
829  8290000 19.7
830  8300000 17.3
831  8310000 37.0
832  8320000 72.3
833  8330000 142.7
834  8340000 223.3
835  8350000 62.7
836  8360000 56.3
837  8370000 204.7
838  8380000 158.7
839  8390000 57.7
840  8400000 153.7
841  8410000 43.7
842  8420000 140.0
843  8430000 55.0
844  8440000 176.7
845  8450000 112.3
846  8460000 78.0
847  8470000 129.7
848  8480000 30.0
849  8490000 120.0
850  8500000 221.3
851  8510000 163.3
852  8520000 112.3
853  8530000 197.0
854  8540000 61.3
855  8550000 221.0
856  8560000 49.3
857  8570000 24.3
858  8580000 20.3
859  8590000 73.3
860  8600000 58.7
861  8610000 133.7
862  8620000 180.3
863  8630000 64.0
864  8640000 125.3
865  8650000 114.0
866  8660000 157.7
867  8670000 194.3
868  8680000 227.3
869  8690000 255.7
870  8700000 68.3
871  8710000 253.0
872  8720000 123.0
873  8730000 46.3
874  8740000 23.3
875  8750000 27.0
876  8760000 11.3
877  8770000 17.0
878  8780000 22.0
879  8790000 100.0
880  8800000 243.7
881  8810000 173.3
882  8820000 275.3
883  8830000 160.0
884  8840000 272.0
885  8850000 122.7
886  8860000 106.0
887  8870000 97.0
888  8880000 13.7
889  8890000 125.3
890  8900000 296.3
891  8910000 219.7
892  8920000 150.0
893  8930000 14.7
894  8940000 23.3
895  8950000 151.3
896  8960000 14.0
897  8970000 135.3
898  8980000 192.3
899  8990000 73.3
900  9000000 252.7
901  9010000 279.0
902  9020000 152.3
903  9030000 152.7
904  9040000 91.3
905  9050000 36.0
906  9060000 246.7
907  9070000 47.7
908  9080000 162.3
909  9090000 92.7
910  9100000 216.7
911  9110000 120.0
912  9120000 17.7
913  9130000 27.7
914  9140000 80.0
915  9150000 152.0
916  9160000 172.7
917  9170000 203.7
918  9180000 76.7
919  9190000 124.7
920  9200000 102.7
921  9210000 35.7
922  9220000 25.7
923  9230000 142.7
924  9240000 22.7
925  9250000 28.3
926  9260000 254.3
927  9270000 185.0
928  9280000 81.3
929  9290000 289.7
930  9300000 82.7
931  9310000 40.3
932  9320000 261.0
933  9330000 257.3
934  9340000 72.0
935  9350000 117.0
936  9360000 74.3
937  9370000 53.3
938  9380000 33.3
939  9390000 15.7
940  9400000 52.0
941  9410000 156.3
942  9420000 23.0
943  9430000 44.7
944  9440000 152.3
945  9450000 137.0
946  9460000 54.0
947  9470000 84.3
948  9480000 148.3
949  9490000 74.3
950  9500000 129.7
951  9510000 178.7
952  9520000 158.7
953  9530000 100.3
954  9540000 197.0
955  9550000 181.3
956  9560000 255.7
957  9570000 13.0
958  9580000 47.7
959  9590000 21.7
960  9600000 16.0
961  9610000 13.7
962  9620000 14.0
963  9630000 49.3
964  9640000 97.3
965  9650000 86.3
966  9660000 184.3
967  9670000 242.7
968  9680000 38.7
969  9690000 234.3
970  9700000 158.3
971  9710000 201.0
972  9720000 253.7
973  9730000 183.3
974  9740000 58.7
975  9750000 263.3
976  9760000 249.0
977  9770000 370.7
978  9780000 145.0
979  9790000 48.0
980  9800000 136.0
981  9810000 40.0
982  9820000 53.0
983  9830000 113.3
984  9840000 223.7
985  9850000 57.0
986  9860000 29.7
987  9870000 170.3
988  9880000 26.3
989  9890000 30.0
990  9900000 20.0
991  9910000 31.7
992  9920000 85.7
993  9930000 170.7
994  9940000 240.7
995  9950000 50.3
996  9960000 313.7
997  9970000 122.0
998  9980000 158.7
999  9990000 149.0
