  0        0 5.0
  1    10000 5.0
  2    20000 5.0
  3    30000 5.0
  4    40000 5.0
  5    50000 5.0
  6    60000 0.0
  7    70000 0.0
  8    80000 3.0
  9    90000 0.0
 10   100000 0.0
 11   110000 6.0
 12   120000 10.0
 13   130000 9.0
 14   140000 4.0
 15   150000 9.0
 16   160000 9.0
 17   170000 10.0
 18   180000 9.0
 19   190000 2.0
 20   200000 11.0
 21   210000 9.0
 22   220000 9.0
 23   230000 12.0
 24   240000 9.0
 25   250000 16.0
 26   260000 6.0
 27   270000 9.0
 28   280000 12.0
 29   290000 10.0
 30   300000 12.0
 31   310000 16.0
 32   320000 13.0
 33   330000 19.0
 34   340000 13.0
 35   350000 15.0
 36   360000 13.0
 37   370000 18.0
 38   380000 15.0
 39   390000 17.0
 40   400000 20.0
 41   410000 17.0
 42   420000 16.0
 43   430000 14.0
 44   440000 22.0
 45   450000 17.0
 46   460000 17.0
 47   470000 16.0
 48   480000 17.0
 49   490000 18.0
 50   500000 25.0
 51   510000 16.0
 52   520000 19.0
 53   530000 21.0
 54   540000 24.0
 55   550000 16.0
 56   560000 25.0
 57   570000 14.0
 58   580000 14.0
 59   590000 15.0
 60   600000 23.0
 61   610000 24.0
 62   620000 17.0
 63   630000 13.0
 64   640000 19.0
 65   650000 25.0
 66   660000 26.0
 67   670000 23.0
 68   680000 21.0
 69   690000 31.0
 70   700000 23.0
 71   710000 24.0
 72   720000 24.0
 73   730000 17.0
 74   740000 28.0
 75   750000 21.0
 76   760000 16.0
 77   770000 29.0
 78   780000 21.0
 79   790000 27.0
 80   800000 25.0
 81   810000 36.0
 82   820000 22.0
 83   830000 26.0
 84   840000 14.0
 85   850000 34.0
 86   860000 14.0
 87   870000 32.0
 88   880000 29.0
 89   890000 25.0
 90   900000 34.0
 91   910000 26.0
 92   920000 30.0
 93   930000 25.0
 94   940000 37.0
 95   950000 26.0
 96   960000 26.0
 97   970000 21.0
 98   980000 51.0
 99   990000 24.0
100  1000000 24.0
101  1010000 39.0
102  1020000 24.0
103  1030000 50.0
104  1040000 23.0
105  1050000 33.0
106  1060000 29.0
107  1070000 42.0
108  1080000 24.0
109  1090000 34.0
110  1100000 21.0
111  1110000 36.0
112  1120000 45.0
113  1130000 40.0
114  1140000 22.0
115  1150000 27.0
116  1160000 50.0
117  1170000 32.0
118  1180000 47.0
119  1190000 27.0
120  1200000 34.0
121  1210000 32.0
122  1220000 23.0
123  1230000 32.0
124  1240000 53.0
125  1250000 29.0
126  1260000 46.0
127  1270000 36.0
128  1280000 33.0
129  1290000 28.0
130  1300000 50.0
131  1310000 55.0
132  1320000 55.0
133  1330000 53.0
134  1340000 37.0
135  1350000 43.0
136  1360000 57.0
137  1370000 48.0
138  1380000 27.0
139  1390000 44.0
140  1400000 28.0
141  1410000 56.0
142  1420000 30.0
143  1430000 54.0
144  1440000 56.0
145  1450000 46.0
146  1460000 66.0
147  1470000 38.0
148  1480000 26.0
149  1490000 42.0
150  1500000 68.0
151  1510000 64.0
152  1520000 65.0
153  1530000 38.0
154  1540000 53.0
155  1550000 78.0
156  1560000 63.0
157  1570000 47.0
158  1580000 24.0
159  1590000 71.0
160  1600000 40.0
161  1610000 39.0
162  1620000 48.0
163  1630000 45.0
164  1640000 77.0
165  1650000 49.0
166  1660000 61.0
167  1670000 32.0
168  1680000 58.0
169  1690000 74.0
170  1700000 56.0
171  1710000 36.0
172  1720000 51.0
173  1730000 39.0
174  1740000 81.0
175  1750000 31.0
176  1760000 37.0
177  1770000 58.0
178  1780000 42.0
179  1790000 55.0
180  1800000 58.0
181  1810000 57.0
182  1820000 54.0
183  1830000 42.0
184  1840000 53.0
185  1850000 72.0
186  1860000 33.0
187  1870000 65.0
188  1880000 61.0
189  1890000 70.0
190  1900000 51.0
191  1910000 66.0
192  1920000 58.0
193  1930000 68.0
194  1940000 61.0
195  1950000 69.0
196  1960000 80.0
197  1970000 64.0
198  1980000 52.0
199  1990000 54.0
200  2000000 71.0
201  2010000 63.0
202  2020000 74.0
203  2030000 41.0
204  2040000 52.0
205  2050000 84.0
206  2060000 49.0
207  2070000 71.0
208  2080000 49.0
209  2090000 45.0
210  2100000 83.0
211  2110000 50.0
212  2120000 48.0
213  2130000 46.0
214  2140000 64.0
215  2150000 46.0
216  2160000 29.0
217  2170000 73.0
218  2180000 67.0
219  2190000 55.0
220  2200000 53.0
221  2210000 54.0
222  2220000 121.0
223  2230000 63.0
224  2240000 50.0
225  2250000 67.0
226  2260000 63.0
227  2270000 65.0
228  2280000 50.0
229  2290000 67.0
230  2300000 68.0
231  2310000 61.0
232  2320000 64.0
233  2330000 69.0
234  2340000 42.0
235  2350000 57.0
236  2360000 122.0
237  2370000 66.0
238  2380000 57.0
239  2390000 75.0
240  2400000 66.0
241  2410000 115.0
242  2420000 42.0
243  2430000 95.0
244  2440000 52.0
245  2450000 39.0
246  2460000 86.0
247  2470000 55.0
248  2480000 61.0
249  2490000 56.0
250  2500000 37.0
251  2510000 270.0
252  2520000 118.0
253  2530000 99.0
254  2540000 64.0
255  2550000 67.0
256  2560000 64.0
257  2570000 75.0
258  2580000 78.0
259  2590000 103.0
260  2600000 65.0
261  2610000 50.0
262  2620000 48.0
263  2630000 111.0
264  2640000 79.0
265  2650000 86.0
266  2660000 79.0
267  2670000 83.0
268  2680000 88.0
269  2690000 128.0
270  2700000 91.0
271  2710000 51.0
272  2720000 56.0
273  2730000 113.0
274  2740000 78.0
275  2750000 75.0
276  2760000 138.0
277  2770000 296.0
278  2780000 72.0
279  2790000 94.0
280  2800000 43.0
281  2810000 61.0
282  2820000 69.0
283  2830000 57.0
284  2840000 103.0
285  2850000 87.0
286  2860000 66.0
287  2870000 80.0
288  2880000 93.0
289  2890000 83.0
290  2900000 55.0
291  2910000 61.0
292  2920000 51.0
293  2930000 72.0
294  2940000 85.0
295  2950000 51.0
296  2960000 279.0
297  2970000 68.0
298  2980000 80.0
299  2990000 72.0
300  3000000 93.0
301  3010000 88.0
302  3020000 93.0
303  3030000 47.0
304  3040000 73.0
305  3050000 77.0
306  3060000 73.0
307  3070000 76.0
308  3080000 105.0
309  3090000 130.0
310  3100000 56.0
311  3110000 61.0
312  3120000 81.0
313  3130000 43.0
314  3140000 56.0
315  3150000 76.0
316  3160000 72.0
317  3170000 44.0
318  3180000 262.0
319  3190000 95.0
320  3200000 63.0
321  3210000 257.0
322  3220000 44.0
323  3230000 79.0
324  3240000 68.0
325  3250000 35.0
326  3260000 109.0
327  3270000 74.0
328  3280000 56.0
329  3290000 82.0
330  3300000 100.0
331  3310000 63.0
332  3320000 95.0
333  3330000 141.0
334  3340000 63.0
335  3350000 95.0
336  3360000 83.0
337  3370000 101.0
338  3380000 80.0
339  3390000 145.0
340  3400000 50.0
341  3410000 97.0
342  3420000 97.0
343  3430000 243.0
344  3440000 107.0
345  3450000 298.0
346  3460000 66.0
347  3470000 94.0
348  3480000 78.0
349  3490000 97.0
350  3500000 157.0
351  3510000 107.0
352  3520000 112.0
353  3530000 74.0
354  3540000 71.0
355  3550000 70.0
356  3560000 89.0
357  3570000 148.0
358  3580000 55.0
359  3590000 211.0
360  3600000 203.0
361  3610000 72.0
362  3620000 68.0
363  3630000 86.0
364  3640000 46.0
365  3650000 39.0
366  3660000 68.0
367  3670000 96.0
368  3680000 105.0
369  3690000 57.0
370  3700000 55.0
371  3710000 54.0
372  3720000 44.0
373  3730000 102.0
374  3740000 97.0
375  3750000 87.0
376  3760000 229.0
377  3770000 127.0
378  3780000 56.0
379  3790000 66.0
380  3800000 239.0
381  3810000 162.0
382  3820000 258.0
383  3830000 89.0
384  3840000 154.0
385  3850000 140.0
386  3860000 129.0
387  3870000 222.0
388  3880000 94.0
389  3890000 154.0
390  3900000 108.0
391  3910000 99.0
392  3920000 89.0
393  3930000 88.0
394  3940000 114.0
395  3950000 70.0
396  3960000 141.0
397  3970000 148.0
398  3980000 42.0
399  3990000 260.0
400  4000000 140.0
401  4010000 43.0
402  4020000 69.0
403  4030000 109.0
404  4040000 44.0
405  4050000 111.0
406  4060000 105.0
407  4070000 120.0
408  4080000 108.0
409  4090000 108.0
410  4100000 68.0
411  4110000 87.0
412  4120000 80.0
413  4130000 129.0
414  4140000 294.0
415  4150000 79.0
416  4160000 83.0
417  4170000 65.0
418  4180000 76.0
419  4190000 128.0
420  4200000 97.0
421  4210000 173.0
422  4220000 99.0
423  4230000 41.0
424  4240000 203.0
425  4250000 88.0
426  4260000 290.0
427  4270000 134.0
428  4280000 143.0
429  4290000 210.0
430  4300000 253.0
431  4310000 170.0
432  4320000 103.0
433  4330000 292.0
434  4340000 173.0
435  4350000 65.0
436  4360000 94.0
437  4370000 76.0
438  4380000 244.0
439  4390000 40.0
440  4400000 120.0
441  4410000 74.0
442  4420000 30.0
443  4430000 92.0
444  4440000 79.0
445  4450000 69.0
446  4460000 92.0
447  4470000 129.0
448  4480000 295.0
449  4490000 241.0
450  4500000 64.0
451  4510000 55.0
452  4520000 82.0
453  4530000 316.0
454  4540000 69.0
455  4550000 135.0
456  4560000 257.0
457  4570000 254.0
458  4580000 163.0
459  4590000 268.0
460  4600000 249.0
461  4610000 180.0
462  4620000 247.0
463  4630000 386.3
464  4640000 160.3
465  4650000 170.7
466  4660000 209.3
467  4670000 218.0
468  4680000 301.0
469  4690000 184.7
470  4700000 181.7
471  4710000 280.7
472  4720000 146.3
473  4730000 121.7
474  4740000 319.7
475  4750000 118.0
476  4760000 181.3
477  4770000 106.7
478  4780000 176.7
479  4790000 316.3
480  4800000 163.3
481  4810000 107.3
482  4820000 152.3
483  4830000 135.0
484  4840000 237.3
485  4850000 146.0
486  4860000 218.0
487  4870000 446.3
488  4880000 309.0
489  4890000 120.3
490  4900000 164.7
491  4910000 171.7
492  4920000 57.7
493  4930000 211.7
494  4940000 258.0
495  4950000 294.7
496  4960000 280.3
497  4970000 177.3
498  4980000 184.3
499  4990000 58.3
500  5000000 142.3
501  5010000 220.7
502  5020000 271.0
503  5030000 85.3
504  5040000 93.0
505  5050000 184.0
506  5060000 162.3
507  5070000 172.3
508  5080000 275.7
509  5090000 117.0
510  5100000 91.7
511  5110000 103.3
512  5120000 117.3
513  5130000 86.0
514  5140000 145.3
515  5150000 233.0
516  5160000 188.3
517  5170000 188.7
518  5180000 264.0
519  5190000 257.0
520  5200000 137.7
521  5210000 53.0
522  5220000 219.0
523  5230000 227.7
524  5240000 389.0
525  5250000 128.0
526  5260000 198.3
527  5270000 240.7
528  5280000 86.3
529  5290000 191.3
530  5300000 50.3
531  5310000 35.0
532  5320000 111.7
533  5330000 23.0
534  5340000 46.3
535  5350000 35.0
536  5360000 50.7
537  5370000 277.7
538  5380000 147.0
539  5390000 166.7
540  5400000 294.0
541  5410000 327.0
542  5420000 169.0
543  5430000 178.7
544  5440000 152.3
545  5450000 102.0
546  5460000 192.3
547  5470000 272.0
548  5480000 277.7
549  5490000 210.3
550  5500000 217.3
551  5510000 320.0
552  5520000 237.3
553  5530000 246.7
554  5540000 124.0
555  5550000 464.7
556  5560000 241.7
557  5570000 160.7
558  5580000 116.0
559  5590000 175.3
560  5600000 74.3
561  5610000 118.7
562  5620000 80.3
563  5630000 24.0
564  5640000 97.7
565  5650000 41.0
566  5660000 146.7
567  5670000 32.7
568  5680000 88.7
569  5690000 79.7
570  5700000 24.0
571  5710000 75.3
572  5720000 127.7
573  5730000 109.3
574  5740000 110.3
575  5750000 268.3
576  5760000 212.0
577  5770000 217.0
578  5780000 158.3
579  5790000 230.0
580  5800000 187.0
581  5810000 131.0
582  5820000 263.3
583  5830000 232.7
584  5840000 187.7
585  5850000 112.0
586  5860000 25.3
587  5870000 31.3
588  5880000 16.3
589  5890000 24.0
590  5900000 35.7
591  5910000 318.7
592  5920000 232.0
593  5930000 235.0
594  5940000 263.7
595  5950000 322.3
596  5960000 249.3
597  5970000 66.3
598  5980000 126.7
599  5990000 126.0
600  6000000 201.7
601  6010000 203.3
602  6020000 40.7
603  6030000 41.0
604  6040000 34.7
605  6050000 164.3
606  6060000 89.7
607  6070000 85.0
608  6080000 76.0
609  6090000 154.3
610  6100000 257.7
611  6110000 155.3
612  6120000 162.7
613  6130000 133.3
614  6140000 88.3
615  6150000 120.0
616  6160000 83.3
617  6170000 356.7
618  6180000 275.0
619  6190000 142.3
620  6200000 280.0
621  6210000 183.3
622  6220000 132.3
623  6230000 373.0
624  6240000 106.7
625  6250000 146.3
626  6260000 255.0
627  6270000 288.7
628  6280000 234.7
629  6290000 112.7
630  6300000 264.3
631  6310000 88.3
632  6320000 66.7
633  6330000 27.7
634  6340000 126.0
635  6350000 89.7
636  6360000 104.0
637  6370000 173.3
638  6380000 198.0
639  6390000 362.3
640  6400000 114.0
641  6410000 72.7
642  6420000 55.3
643  6430000 179.0
644  6440000 146.3
645  6450000 223.7
646  6460000 248.7
647  6470000 279.7
648  6480000 295.0
649  6490000 65.0
650  6500000 159.7
651  6510000 62.7
652  6520000 96.3
653  6530000 158.0
654  6540000 57.0
655  6550000 289.0
656  6560000 53.7
657  6570000 66.0
658  6580000 78.0
659  6590000 212.0
660  6600000 80.7
661  6610000 92.7
662  6620000 40.3
663  6630000 123.7
664  6640000 231.0
665  6650000 182.0
666  6660000 197.7
667  6670000 215.7
668  6680000 202.7
669  6690000 151.0
670  6700000 97.0
671  6710000 56.3
672  6720000 98.7
673  6730000 81.7
674  6740000 216.0
675  6750000 152.7
676  6760000 195.7
677  6770000 145.7
678  6780000 352.7
679  6790000 273.7
680  6800000 201.3
681  6810000 347.7
682  6820000 315.7
683  6830000 159.7
684  6840000 302.0
685  6850000 279.0
686  6860000 289.7
687  6870000 294.0
688  6880000 43.7
689  6890000 15.0
690  6900000 168.0
691  6910000 174.7
692  6920000 290.3
693  6930000 374.7
694  6940000 193.7
695  6950000 215.7
696  6960000 343.7
697  6970000 308.7
698  6980000 216.0
699  6990000 352.3
700  7000000 303.0
701  7010000 292.7
702  7020000 147.3
703  7030000 354.7
704  7040000 217.3
705  7050000 155.0
706  7060000 229.7
707  7070000 338.0
708  7080000 369.3
709  7090000 299.7
710  7100000 28.0
711  7110000 22.0
712  7120000 44.0
713  7130000 13.0
714  7140000 367.7
715  7150000 308.3
716  7160000 250.0
717  7170000 247.3
718  7180000 326.7
719  7190000 260.0
720  7200000 173.0
721  7210000 181.7
722  7220000 316.7
723  7230000 349.7
724  7240000 310.0
725  7250000 279.0
726  7260000 244.7
727  7270000 268.7
728  7280000 227.7
729  7290000 395.0
730  7300000 308.0
731  7310000 311.3
732  7320000 150.7
733  7330000 373.7
734  7340000 385.7
735  7350000 362.7
736  7360000 84.3
737  7370000 389.7
738  7380000 389.3
739  7390000 219.3
740  7400000 74.0
741  7410000 152.7
742  7420000 434.0
743  7430000 363.7
744  7440000 346.0
745  7450000 354.0
746  7460000 348.0
747  7470000 252.3
748  7480000 425.3
749  7490000 299.3
750  7500000 311.3
751  7510000 362.3
752  7520000 307.3
753  7530000 47.7
754  7540000 329.3
755  7550000 251.0
756  7560000 412.0
757  7570000 295.0
758  7580000 186.0
759  7590000 175.7
760  7600000 388.3
761  7610000 266.3
762  7620000 389.3
763  7630000 289.0
764  7640000 245.7
765  7650000 432.7
766  7660000 14.7
767  7670000 10.0
768  7680000 14.0
769  7690000 331.0
770  7700000 368.7
771  7710000 421.0
772  7720000 255.0
773  7730000 192.7
774  7740000 372.7
775  7750000 437.7
776  7760000 335.0
777  7770000 312.0
778  7780000 329.3
779  7790000 494.7
780  7800000 384.0
781  7810000 332.0
782  7820000 301.3
783  7830000 330.0
784  7840000 405.7
785  7850000 358.7
786  7860000 338.7
787  7870000 378.7
788  7880000 23.7
789  7890000 310.0
790  7900000 25.7
791  7910000 424.3
792  7920000 282.3
793  7930000 200.0
794  7940000 323.7
795  7950000 407.7
796  7960000 316.3
797  7970000 281.0
798  7980000 349.0
799  7990000 361.7
800  8000000 284.7
801  8010000 412.7
802  8020000 251.7
803  8030000 371.0
804  8040000 330.7
805  8050000 38.7
806  8060000 17.0
807  8070000 324.7
808  8080000 356.7
809  8090000 269.3
810  8100000 358.7
811  8110000 271.7
812  8120000 342.0
813  8130000 348.3
814  8140000 350.0
815  8150000 230.3
816  8160000 457.7
817  8170000 310.7
818  8180000 348.7
819  8190000 321.0
820  8200000 393.0
821  8210000 354.7
822  8220000 73.3
823  8230000 354.7
824  8240000 353.7
825  8250000 224.7
826  8260000 188.3
827  8270000 315.3
828  8280000 636.7
829  8290000 269.7
830  8300000 317.3
831  8310000 299.0
832  8320000 315.0
833  8330000 398.7
834  8340000 145.0
835  8350000 267.0
836  8360000 385.7
837  8370000 355.0
838  8380000 353.7
839  8390000 400.7
840  8400000 362.7
841  8410000 366.0
842  8420000 353.7
843  8430000 329.0
844  8440000 381.0
845  8450000 292.0
846  8460000 297.7
847  8470000 361.3
848  8480000 513.7
849  8490000 352.3
850  8500000 373.7
851  8510000 420.3
852  8520000 379.3
853  8530000 12.0
854  8540000 387.7
855  8550000 382.0
856  8560000 47.3
857  8570000 356.7
858  8580000 245.7
859  8590000 476.0
860  8600000 375.0
861  8610000 335.7
862  8620000 302.3
863  8630000 484.0
864  8640000 367.3
865  8650000 276.0
866  8660000 412.7
867  8670000 326.3
868  8680000 253.0
869  8690000 89.3
870  8700000 19.0
871  8710000 12.0
872  8720000 15.0
873  8730000 20.3
874  8740000 105.7
875  8750000 328.0
876  8760000 409.3
877  8770000 360.7
878  8780000 394.7
879  8790000 376.7
880  8800000 190.0
881  8810000 320.7
882  8820000 412.7
883  8830000 330.7
884  8840000 306.3
885  8850000 410.3
886  8860000 388.0
887  8870000 361.3
888  8880000 385.3
889  8890000 390.3
890  8900000 362.0
891  8910000 348.0
892  8920000 388.0
893  8930000 323.3
894  8940000 338.7
895  8950000 341.0
896  8960000 319.0
897  8970000 37.7
898  8980000 15.0
899  8990000 12.0
900  9000000 360.0
901  9010000 311.7
902  9020000 346.7
903  9030000 397.7
904  9040000 356.7
905  9050000 218.0
906  9060000 347.7
907  9070000 349.3
908  9080000 345.3
909  9090000 323.7
910  9100000 415.7
911  9110000 331.0
912  9120000 360.7
913  9130000 310.3
914  9140000 369.3
915  9150000 366.0
916  9160000 398.0
917  9170000 387.3
918  9180000 363.0
919  9190000 367.3
920  9200000 384.7
921  9210000 398.0
922  9220000 329.7
923  9230000 431.3
924  9240000 283.3
925  9250000 468.0
926  9260000 374.3
927  9270000 301.0
928  9280000 343.3
929  9290000 373.3
930  9300000 352.7
931  9310000 369.7
932  9320000 344.0
933  9330000 349.0
934  9340000 387.0
935  9350000 359.3
936  9360000 330.0
937  9370000 408.0
938  9380000 369.7
939  9390000 326.3
940  9400000 368.0
941  9410000 316.7
942  9420000 342.3
943  9430000 365.3
944  9440000 387.0
945  9450000 348.7
946  9460000 358.7
947  9470000 258.3
948  9480000 443.0
949  9490000 374.0
950  9500000 16.0
951  9510000 486.7
952  9520000 366.7
953  9530000 372.3
954  9540000 330.0
955  9550000 268.3
956  9560000 447.3
957  9570000 166.7
958  9580000 304.7
959  9590000 344.0
960  9600000 329.7
961  9610000 313.3
962  9620000 348.0
963  9630000 353.0
964  9640000 356.0
965  9650000 374.0
966  9660000 384.0
967  9670000 423.0
968  9680000 354.0
969  9690000 357.0
970  9700000 355.7
971  9710000 299.0
972  9720000 336.7
973  9730000 399.3
974  9740000 407.7
975  9750000 387.7
976  9760000 358.7
977  9770000 393.7
978  9780000 387.3
979  9790000 398.3
980  9800000 282.3
981  9810000 342.7
982  9820000 411.0
983  9830000 395.3
984  9840000 365.3
985  9850000 378.0
986  9860000 379.0
987  9870000 364.3
988  9880000 349.7
989  9890000 417.7
990  9900000 351.3
991  9910000 370.0
992  9920000 375.7
993  9930000 392.0
994  9940000 390.3
995  9950000 375.0
996  9960000 410.7
997  9970000 399.0
998  9980000 415.0
999  9990000 391.7
