  0        0 4.0
  1    10000 4.0
  2    20000 4.0
  3    30000 4.0
  4    40000 4.0
  5    50000 4.0
  6    60000 0.0
  7    70000 4.0
  8    80000 0.0
  9    90000 5.0
 10   100000 4.0
 11   110000 0.0
 12   120000 10.0
 13   130000 0.0
 14   140000 5.0
 15   150000 5.0
 16   160000 10.0
 17   170000 0.0
 18   180000 7.0
 19   190000 3.0
 20   200000 0.0
 21   210000 9.0
 22   220000 9.0
 23   230000 10.0
 24   240000 11.0
 25   250000 6.0
 26   260000 9.0
 27   270000 10.0
 28   280000 1.0
 29   290000 11.0
 30   300000 12.0
 31   310000 14.0
 32   320000 13.0
 33   330000 10.0
 34   340000 11.0
 35   350000 17.0
 36   360000 15.0
 37   370000 11.0
 38   380000 8.0
 39   390000 16.0
 40   400000 14.0
 41   410000 17.0
 42   420000 15.0
 43   430000 14.0
 44   440000 13.0
 45   450000 14.0
 46   460000 18.0
 47   470000 25.0
 48   480000 19.0
 49   490000 17.0
 50   500000 26.0
 51   510000 20.0
 52   520000 16.0
 53   530000 22.0
 54   540000 14.0
 55   550000 17.0
 56   560000 14.0
 57   570000 12.0
 58   580000 15.0
 59   590000 16.0
 60   600000 15.0
 61   610000 23.0
 62   620000 16.0
 63   630000 16.0
 64   640000 16.0
 65   650000 18.0
 66   660000 14.0
 67   670000 18.0
 68   680000 26.0
 69   690000 22.0
 70   700000 25.0
 71   710000 16.0
 72   720000 15.0
 73   730000 20.0
 74   740000 21.0
 75   750000 26.0
 76   760000 17.0
 77   770000 21.0
 78   780000 24.0
 79   790000 19.0
 80   800000 25.0
 81   810000 31.0
 82   820000 13.0
 83   830000 26.0
 84   840000 21.0
 85   850000 26.0
 86   860000 34.0
 87   870000 24.0
 88   880000 27.0
 89   890000 25.0
 90   900000 35.0
 91   910000 39.0
 92   920000 28.0
 93   930000 29.0
 94   940000 41.0
 95   950000 26.0
 96   960000 30.0
 97   970000 36.0
 98   980000 37.0
 99   990000 29.0
100  1000000 41.0
101  1010000 37.0
102  1020000 26.0
103  1030000 38.0
104  1040000 34.0
105  1050000 37.0
106  1060000 39.0
107  1070000 34.0
108  1080000 39.0
109  1090000 38.0
110  1100000 32.0
111  1110000 34.0
112  1120000 31.0
113  1130000 23.0
114  1140000 39.0
115  1150000 38.0
116  1160000 35.0
117  1170000 43.0
118  1180000 40.0
119  1190000 23.0
120  1200000 35.0
121  1210000 27.0
122  1220000 45.0
123  1230000 33.0
124  1240000 30.0
125  1250000 24.0
126  1260000 49.0
127  1270000 41.0
128  1280000 29.0
129  1290000 36.0
130  1300000 32.0
131  1310000 58.0
132  1320000 26.0
133  1330000 26.0
134  1340000 53.0
135  1350000 61.0
136  1360000 40.0
137  1370000 27.0
138  1380000 42.0
139  1390000 57.0
140  1400000 49.0
141  1410000 74.0
142  1420000 52.0
143  1430000 45.0
144  1440000 44.0
145  1450000 47.0
146  1460000 67.0
147  1470000 45.0
148  1480000 59.0
149  1490000 61.0
150  1500000 49.0
151  1510000 35.0
152  1520000 56.0
153  1530000 49.0
154  1540000 35.0
155  1550000 47.0
156  1560000 38.0
157  1570000 68.0
158  1580000 73.0
159  1590000 41.0
160  1600000 35.0
161  1610000 53.0
162  1620000 30.0
163  1630000 44.0
164  1640000 47.0
165  1650000 41.0
166  1660000 55.0
167  1670000 63.0
168  1680000 48.0
169  1690000 45.0
170  1700000 48.0
171  1710000 54.0
172  1720000 42.0
173  1730000 41.0
174  1740000 39.0
175  1750000 81.0
176  1760000 36.0
177  1770000 45.0
178  1780000 60.0
179  1790000 58.0
180  1800000 39.0
181  1810000 49.0
182  1820000 48.0
183  1830000 55.0
184  1840000 29.0
185  1850000 55.0
186  1860000 64.0
187  1870000 44.0
188  1880000 61.0
189  1890000 47.0
190  1900000 44.0
191  1910000 50.0
192  1920000 33.0
193  1930000 47.0
194  1940000 59.0
195  1950000 43.0
196  1960000 44.0
197  1970000 41.0
198  1980000 51.0
199  1990000 45.0
200  2000000 81.0
201  2010000 40.0
202  2020000 62.0
203  2030000 42.0
204  2040000 89.0
205  2050000 46.0
206  2060000 36.0
207  2070000 51.0
208  2080000 35.0
209  2090000 87.0
210  2100000 44.0
211  2110000 42.0
212  2120000 57.0
213  2130000 40.0
214  2140000 49.0
215  2150000 49.0
216  2160000 77.0
217  2170000 56.0
218  2180000 57.0
219  2190000 48.0
220  2200000 49.0
221  2210000 32.0
222  2220000 61.0
223  2230000 61.0
224  2240000 45.0
225  2250000 38.0
226  2260000 62.0
227  2270000 85.0
228  2280000 41.0
229  2290000 39.0
230  2300000 22.0
231  2310000 37.0
232  2320000 42.0
233  2330000 63.0
234  2340000 46.0
235  2350000 32.0
236  2360000 64.0
237  2370000 69.0
238  2380000 65.0
239  2390000 48.0
240  2400000 44.0
241  2410000 58.0
242  2420000 58.0
243  2430000 76.0
244  2440000 63.0
245  2450000 58.0
246  2460000 55.0
247  2470000 47.0
248  2480000 76.0
249  2490000 81.0
250  2500000 52.0
251  2510000 89.0
252  2520000 70.0
253  2530000 221.0
254  2540000 53.0
255  2550000 64.0
256  2560000 45.0
257  2570000 48.0
258  2580000 92.0
259  2590000 61.0
260  2600000 52.0
261  2610000 63.0
262  2620000 75.0
263  2630000 106.0
264  2640000 75.0
265  2650000 81.0
266  2660000 91.0
267  2670000 59.0
268  2680000 96.0
269  2690000 28.0
270  2700000 40.0
271  2710000 20.0
272  2720000 74.0
273  2730000 43.0
274  2740000 65.0
275  2750000 86.0
276  2760000 47.0
277  2770000 82.0
278  2780000 42.0
279  2790000 64.0
280  2800000 69.0
281  2810000 87.0
282  2820000 62.0
283  2830000 89.0
284  2840000 44.0
285  2850000 89.0
286  2860000 48.0
287  2870000 52.0
288  2880000 45.0
289  2890000 65.0
290  2900000 64.0
291  2910000 55.0
292  2920000 92.0
293  2930000 89.0
294  2940000 63.0
295  2950000 48.0
296  2960000 80.0
297  2970000 85.0
298  2980000 310.0
299  2990000 60.0
300  3000000 43.0
301  3010000 90.0
302  3020000 71.0
303  3030000 40.0
304  3040000 103.0
305  3050000 73.0
306  3060000 54.0
307  3070000 51.0
308  3080000 46.0
309  3090000 91.0
310  3100000 66.0
311  3110000 76.0
312  3120000 75.0
313  3130000 50.0
314  3140000 68.0
315  3150000 85.0
316  3160000 43.0
317  3170000 76.0
318  3180000 65.0
319  3190000 58.0
320  3200000 61.0
321  3210000 68.0
322  3220000 74.0
323  3230000 73.0
324  3240000 57.0
325  3250000 83.0
326  3260000 80.0
327  3270000 52.0
328  3280000 98.0
329  3290000 107.0
330  3300000 83.0
331  3310000 89.0
332  3320000 77.0
333  3330000 102.0
334  3340000 78.0
335  3350000 61.0
336  3360000 53.0
337  3370000 73.0
338  3380000 26.0
339  3390000 55.0
340  3400000 67.0
341  3410000 59.0
342  3420000 57.0
343  3430000 100.0
344  3440000 81.0
345  3450000 57.0
346  3460000 80.0
347  3470000 71.0
348  3480000 61.0
349  3490000 78.0
350  3500000 73.0
351  3510000 54.0
352  3520000 96.0
353  3530000 87.0
354  3540000 74.0
355  3550000 53.0
356  3560000 91.0
357  3570000 84.0
358  3580000 51.0
359  3590000 70.0
360  3600000 62.0
361  3610000 66.0
362  3620000 85.0
363  3630000 272.0
364  3640000 76.0
365  3650000 45.0
366  3660000 44.0
367  3670000 65.0
368  3680000 71.0
369  3690000 80.0
370  3700000 51.0
371  3710000 103.0
372  3720000 94.0
373  3730000 112.0
374  3740000 81.0
375  3750000 65.0
376  3760000 97.0
377  3770000 65.0
378  3780000 129.0
379  3790000 106.0
380  3800000 66.0
381  3810000 92.0
382  3820000 90.0
383  3830000 65.0
384  3840000 84.0
385  3850000 50.0
386  3860000 48.0
387  3870000 75.0
388  3880000 66.0
389  3890000 55.0
390  3900000 66.0
391  3910000 69.0
392  3920000 91.0
393  3930000 70.0
394  3940000 46.0
395  3950000 73.0
396  3960000 97.0
397  3970000 95.0
398  3980000 109.0
399  3990000 93.0
400  4000000 64.0
401  4010000 92.0
402  4020000 90.0
403  4030000 88.0
404  4040000 93.0
405  4050000 80.0
406  4060000 85.0
407  4070000 73.0
408  4080000 78.0
409  4090000 42.0
410  4100000 63.0
411  4110000 78.0
412  4120000 36.0
413  4130000 98.0
414  4140000 72.0
415  4150000 136.0
416  4160000 35.0
417  4170000 96.0
418  4180000 86.0
419  4190000 91.0
420  4200000 30.0
421  4210000 69.0
422  4220000 68.0
423  4230000 73.0
424  4240000 56.0
425  4250000 69.0
426  4260000 84.0
427  4270000 81.0
428  4280000 93.0
429  4290000 96.0
430  4300000 106.0
431  4310000 110.0
432  4320000 81.0
433  4330000 105.0
434  4340000 100.0
435  4350000 80.0
436  4360000 92.0
437  4370000 28.0
438  4380000 78.0
439  4390000 49.0
440  4400000 55.0
441  4410000 93.0
442  4420000 79.0
443  4430000 63.0
444  4440000 69.0
445  4450000 96.0
446  4460000 72.0
447  4470000 64.0
448  4480000 55.0
449  4490000 117.0
450  4500000 68.0
451  4510000 121.0
452  4520000 80.0
453  4530000 69.0
454  4540000 60.0
455  4550000 92.0
456  4560000 82.0
457  4570000 102.0
458  4580000 99.0
459  4590000 92.0
460  4600000 93.0
461  4610000 73.0
462  4620000 109.0
463  4630000 69.0
464  4640000 72.0
465  4650000 69.0
466  4660000 122.0
467  4670000 81.0
468  4680000 102.0
469  4690000 235.0
470  4700000 137.0
471  4710000 90.0
472  4720000 39.0
473  4730000 112.0
474  4740000 107.0
475  4750000 67.0
476  4760000 59.0
477  4770000 69.0
478  4780000 58.0
479  4790000 67.0
480  4800000 105.0
481  4810000 90.0
482  4820000 52.0
483  4830000 70.0
484  4840000 118.0
485  4850000 79.0
486  4860000 113.0
487  4870000 109.0
488  4880000 72.0
489  4890000 40.0
490  4900000 49.0
491  4910000 96.0
492  4920000 109.0
493  4930000 87.0
494  4940000 125.0
495  4950000 92.0
496  4960000 64.0
497  4970000 117.0
498  4980000 323.0
499  4990000 38.0
500  5000000 74.0
501  5010000 84.0
502  5020000 68.0
503  5030000 96.0
504  5040000 88.0
505  5050000 230.0
506  5060000 89.0
507  5070000 98.0
508  5080000 89.0
509  5090000 79.0
510  5100000 60.0
511  5110000 76.0
512  5120000 29.0
513  5130000 111.0
514  5140000 81.0
515  5150000 105.0
516  5160000 235.0
517  5170000 114.0
518  5180000 118.0
519  5190000 69.0
520  5200000 60.0
521  5210000 84.0
522  5220000 108.0
523  5230000 70.0
524  5240000 52.0
525  5250000 87.0
526  5260000 80.0
527  5270000 56.0
528  5280000 67.0
529  5290000 166.0
530  5300000 86.0
531  5310000 83.0
532  5320000 137.0
533  5330000 70.0
534  5340000 114.0
535  5350000 53.0
536  5360000 85.0
537  5370000 77.0
538  5380000 145.0
539  5390000 106.0
540  5400000 108.0
541  5410000 28.0
542  5420000 100.0
543  5430000 123.0
544  5440000 104.0
545  5450000 60.0
546  5460000 103.0
547  5470000 102.0
548  5480000 142.0
549  5490000 82.0
550  5500000 152.0
551  5510000 58.0
552  5520000 94.0
553  5530000 107.0
554  5540000 70.0
555  5550000 148.0
556  5560000 111.0
557  5570000 65.0
558  5580000 89.0
559  5590000 58.0
560  5600000 89.0
561  5610000 75.0
562  5620000 88.0
563  5630000 55.0
564  5640000 93.0
565  5650000 110.0
566  5660000 251.0
567  5670000 247.0
568  5680000 97.0
569  5690000 118.0
570  5700000 118.0
571  5710000 107.0
572  5720000 77.0
573  5730000 84.0
574  5740000 85.0
575  5750000 104.0
576  5760000 84.0
577  5770000 54.0
578  5780000 125.0
579  5790000 36.0
580  5800000 108.0
581  5810000 108.0
582  5820000 126.0
583  5830000 150.0
584  5840000 102.0
585  5850000 113.0
586  5860000 203.0
587  5870000 84.0
588  5880000 106.0
589  5890000 61.0
590  5900000 71.0
591  5910000 225.0
592  5920000 186.0
593  5930000 144.0
594  5940000 76.0
595  5950000 89.0
596  5960000 128.0
597  5970000 315.0
598  5980000 115.0
599  5990000 61.0
600  6000000 122.0
601  6010000 28.0
602  6020000 83.0
603  6030000 94.0
604  6040000 83.0
605  6050000 140.0
606  6060000 171.0
607  6070000 188.0
608  6080000 88.0
609  6090000 104.0
610  6100000 203.0
611  6110000 72.0
612  6120000 66.0
613  6130000 88.0
614  6140000 51.0
615  6150000 75.0
616  6160000 93.0
617  6170000 92.0
618  6180000 121.0
619  6190000 138.0
620  6200000 115.0
621  6210000 74.0
622  6220000 60.0
623  6230000 111.0
624  6240000 74.0
625  6250000 104.0
626  6260000 86.0
627  6270000 300.0
628  6280000 87.0
629  6290000 89.0
630  6300000 138.0
631  6310000 109.0
632  6320000 115.0
633  6330000 229.0
634  6340000 104.0
635  6350000 263.0
636  6360000 45.0
637  6370000 142.0
638  6380000 59.0
639  6390000 100.0
640  6400000 68.0
641  6410000 118.0
642  6420000 80.0
643  6430000 317.0
644  6440000 63.0
645  6450000 91.0
646  6460000 94.0
647  6470000 94.0
648  6480000 264.0
649  6490000 115.0
650  6500000 95.0
651  6510000 174.0
652  6520000 60.0
653  6530000 98.0
654  6540000 113.0
655  6550000 98.0
656  6560000 95.0
657  6570000 195.0
658  6580000 113.0
659  6590000 305.0
660  6600000 127.0
661  6610000 108.0
662  6620000 112.0
663  6630000 82.0
664  6640000 75.0
665  6650000 281.0
666  6660000 90.0
667  6670000 146.0
668  6680000 108.0
669  6690000 125.0
670  6700000 67.0
671  6710000 62.0
672  6720000 106.0
673  6730000 70.0
674  6740000 82.0
675  6750000 115.0
676  6760000 141.0
677  6770000 165.0
678  6780000 92.0
679  6790000 223.0
680  6800000 273.0
681  6810000 335.0
682  6820000 129.0
683  6830000 114.0
684  6840000 298.0
685  6850000 105.0
686  6860000 76.0
687  6870000 108.0
688  6880000 197.0
689  6890000 246.0
690  6900000 272.0
691  6910000 126.0
692  6920000 143.0
693  6930000 170.0
694  6940000 116.0
695  6950000 155.0
696  6960000 186.0
697  6970000 98.0
698  6980000 103.0
699  6990000 291.0
700  7000000 112.0
701  7010000 111.0
702  7020000 80.0
703  7030000 262.0
704  7040000 362.0
705  7050000 117.0
706  7060000 97.0
707  7070000 119.0
708  7080000 82.0
709  7090000 127.0
710  7100000 249.0
711  7110000 62.0
712  7120000 94.0
713  7130000 302.0
714  7140000 195.0
715  7150000 126.0
716  7160000 131.0
717  7170000 279.0
718  7180000 61.0
719  7190000 136.0
720  7200000 118.0
721  7210000 143.0
722  7220000 137.0
723  7230000 71.0
724  7240000 149.0
725  7250000 251.0
726  7260000 143.0
727  7270000 89.0
728  7280000 34.0
729  7290000 102.0
730  7300000 101.0
731  7310000 170.0
732  7320000 60.0
733  7330000 97.0
734  7340000 124.0
735  7350000 71.0
736  7360000 113.0
737  7370000 119.0
738  7380000 227.0
739  7390000 120.0
740  7400000 112.0
741  7410000 106.0
742  7420000 105.0
743  7430000 266.0
744  7440000 75.0
745  7450000 65.0
746  7460000 82.0
747  7470000 357.0
748  7480000 168.0
749  7490000 153.0
750  7500000 240.0
751  7510000 136.0
752  7520000 139.0
753  7530000 120.0
754  7540000 286.0
755  7550000 39.0
756  7560000 185.0
757  7570000 119.0
758  7580000 140.0
759  7590000 285.0
760  7600000 124.0
761  7610000 189.0
762  7620000 152.0
763  7630000 130.0
764  7640000 84.0
765  7650000 271.0
766  7660000 138.0
767  7670000 58.0
768  7680000 131.0
769  7690000 88.0
770  7700000 81.0
771  7710000 63.0
772  7720000 108.0
773  7730000 95.0
774  7740000 289.0
775  7750000 186.0
776  7760000 125.0
777  7770000 137.0
778  7780000 322.0
779  7790000 83.0
780  7800000 243.0
781  7810000 106.0
782  7820000 162.0
783  7830000 113.0
784  7840000 230.0
785  7850000 282.0
786  7860000 180.0
787  7870000 135.0
788  7880000 79.0
789  7890000 101.0
790  7900000 141.0
791  7910000 109.0
792  7920000 77.0
793  7930000 257.0
794  7940000 100.0
795  7950000 168.0
796  7960000 129.0
797  7970000 107.0
798  7980000 215.0
799  7990000 180.0
800  8000000 170.0
801  8010000 280.0
802  8020000 271.0
803  8030000 225.7
804  8040000 204.3
805  8050000 179.0
806  8060000 88.7
807  8070000 269.0
808  8080000 198.0
809  8090000 177.7
810  8100000 214.0
811  8110000 218.7
812  8120000 128.0
813  8130000 152.7
814  8140000 200.0
815  8150000 340.0
816  8160000 98.3
817  8170000 162.7
818  8180000 175.3
819  8190000 188.0
820  8200000 211.3
821  8210000 205.3
822  8220000 307.0
823  8230000 215.7
824  8240000 120.7
825  8250000 284.0
826  8260000 167.3
827  8270000 137.3
828  8280000 154.7
829  8290000 166.7
830  8300000 158.3
831  8310000 235.0
832  8320000 112.3
833  8330000 152.7
834  8340000 201.3
835  8350000 202.3
836  8360000 232.0
837  8370000 307.0
838  8380000 153.3
839  8390000 138.7
840  8400000 178.0
841  8410000 75.3
842  8420000 112.3
843  8430000 246.3
844  8440000 184.0
845  8450000 260.7
846  8460000 99.7
847  8470000 138.7
848  8480000 247.3
849  8490000 143.3
850  8500000 288.7
851  8510000 174.3
852  8520000 222.7
853  8530000 109.0
854  8540000 83.7
855  8550000 228.3
856  8560000 306.7
857  8570000 144.0
858  8580000 179.3
859  8590000 132.0
860  8600000 261.7
861  8610000 299.0
862  8620000 255.7
863  8630000 94.0
864  8640000 143.3
865  8650000 215.7
866  8660000 236.3
867  8670000 256.3
868  8680000 138.0
869  8690000 231.3
870  8700000 176.3
871  8710000 110.7
872  8720000 182.3
873  8730000 245.3
874  8740000 93.3
875  8750000 174.7
876  8760000 316.7
877  8770000 153.3
878  8780000 199.7
879  8790000 174.3
880  8800000 248.7
881  8810000 130.7
882  8820000 354.7
883  8830000 109.3
884  8840000 150.3
885  8850000 79.0
886  8860000 261.7
887  8870000 116.0
888  8880000 118.7
889  8890000 283.3
890  8900000 119.7
891  8910000 182.7
892  8920000 198.7
893  8930000 228.7
894  8940000 109.0
895  8950000 183.7
896  8960000 264.3
897  8970000 121.0
898  8980000 193.0
899  8990000 170.7
900  9000000 286.7
901  9010000 276.3
902  9020000 193.3
903  9030000 263.0
904  9040000 135.0
905  9050000 204.7
906  9060000 261.0
907  9070000 238.3
908  9080000 211.3
909  9090000 163.0
910  9100000 274.0
911  9110000 233.0
912  9120000 284.7
913  9130000 262.3
914  9140000 286.0
915  9150000 170.0
916  9160000 93.0
917  9170000 361.7
918  9180000 230.3
919  9190000 267.3
920  9200000 153.0
921  9210000 92.0
922  9220000 179.0
923  9230000 211.3
924  9240000 132.0
925  9250000 70.7
926  9260000 100.3
927  9270000 126.3
928  9280000 165.3
929  9290000 218.0
930  9300000 107.0
931  9310000 162.7
932  9320000 259.0
933  9330000 183.3
934  9340000 211.0
935  9350000 260.7
936  9360000 126.0
937  9370000 264.7
938  9380000 225.7
939  9390000 177.3
940  9400000 109.3
941  9410000 175.7
942  9420000 294.3
943  9430000 202.0
944  9440000 254.7
945  9450000 174.3
946  9460000 251.0
947  9470000 317.0
948  9480000 244.7
949  9490000 143.7
950  9500000 123.7
951  9510000 198.0
952  9520000 168.3
953  9530000 258.3
954  9540000 695.3
955  9550000 338.0
956  9560000 281.0
957  9570000 228.7
958  9580000 292.3
959  9590000 247.3
960  9600000 268.7
961  9610000 222.7
962  9620000 403.0
963  9630000 239.3
964  9640000 148.0
965  9650000 236.7
966  9660000 229.3
967  9670000 308.3
968  9680000 283.3
969  9690000 301.0
970  9700000 253.0
971  9710000 245.3
972  9720000 228.7
973  9730000 158.3
974  9740000 157.7
975  9750000 139.0
976  9760000 213.7
977  9770000 318.3
978  9780000 105.3
979  9790000 109.7
980  9800000 198.0
981  9810000 110.7
982  9820000 261.3
983  9830000 354.7
984  9840000 203.7
985  9850000 81.0
986  9860000 236.0
987  9870000 135.3
988  9880000 309.0
989  9890000 209.3
990  9900000 167.7
991  9910000 142.3
992  9920000 210.7
993  9930000 101.0
994  9940000 167.7
995  9950000 225.7
996  9960000 187.7
997  9970000 272.3
998  9980000 120.7
999  9990000 284.0
